-0.89,-0.23,9.48,0.00,0.00,0.00,0.00,0.00,0.00,
-0.89,-0.20,9.48,0.00,0.00,0.00,0.00,0.00,0.00,
-0.89,-0.23,9.48,0.00,0.00,0.00,0.00,0.00,0.00,
-0.93,-0.27,9.45,0.00,0.00,0.00,0.00,0.00,0.00,
-0.89,-0.27,9.45,0.00,0.00,0.00,0.00,0.00,0.00,
-0.89,-0.35,9.48,0.00,0.00,0.00,0.00,0.00,0.00,
-0.89,-0.35,9.48,0.00,0.00,0.00,0.00,0.00,0.00,
-0.89,-0.35,9.48,-0.00,0.01,-0.00,0.00,0.00,0.00,
-0.89,-0.35,9.48,-0.00,0.01,-0.00,0.00,0.00,0.00,
-0.89,-0.35,9.48,-0.00,0.01,-0.00,0.00,0.05,-0.34,
-0.89,-0.35,9.48,0.00,-0.00,0.00,0.00,0.05,-0.34,
-0.93,-0.35,9.48,0.00,-0.00,0.00,0.00,0.05,-0.34,
-0.93,-0.35,9.48,0.00,0.00,-0.00,0.00,0.05,-0.34,
-0.89,-0.23,9.56,0.00,0.00,-0.00,0.00,0.05,-0.34,
-0.89,-0.23,9.56,0.01,0.00,-0.00,0.00,0.05,-0.34,
-0.93,-0.20,9.48,0.01,0.00,-0.00,0.00,0.05,-0.34,
-0.93,-0.20,9.48,-0.00,0.00,0.00,0.00,0.05,-0.34,
-0.89,-0.35,9.48,-0.00,0.00,0.00,0.00,0.05,-0.34,
-0.93,-0.46,9.48,-0.00,0.00,0.00,0.00,0.05,-0.34,
-0.93,-0.46,9.48,-0.00,0.00,0.00,0.00,0.05,-0.34,
-0.93,-0.46,9.48,0.00,0.00,-0.00,0.00,0.05,-0.34,
-0.93,-0.43,9.48,0.00,0.00,-0.00,0.00,0.05,-0.34,
-0.93,-0.43,9.48,0.01,-0.00,-0.00,0.00,0.05,-0.34,
-0.93,-0.43,9.48,0.00,0.00,-0.00,0.00,0.05,-0.34,
-0.93,-0.27,9.48,0.00,0.00,-0.00,0.00,0.05,-0.34,
-0.93,-0.27,9.48,0.00,0.00,-0.00,0.00,0.05,-0.34,
-0.89,-0.27,9.52,0.00,0.00,-0.00,0.00,0.05,-0.34,
-0.89,-0.27,9.52,-0.00,0.00,0.00,0.00,0.05,-0.34,
-0.89,-0.27,9.52,0.00,0.00,0.00,0.00,0.05,-0.34,
-0.89,-0.27,9.52,0.00,0.00,0.00,0.00,0.05,-0.34,
-0.93,-0.31,9.52,0.00,0.00,0.00,0.00,0.05,-0.34,
-0.93,-0.31,9.52,0.00,-0.00,0.00,0.00,0.05,-0.34,
-0.93,-0.27,9.48,0.00,-0.00,0.00,0.00,0.05,-0.34,
-0.93,-0.27,9.48,-0.00,0.00,0.00,0.00,0.05,-0.34,
-0.93,-0.27,9.48,-0.00,-0.00,0.00,0.00,0.05,-0.34,
-0.89,-0.27,9.48,-0.00,-0.00,0.00,0.00,0.05,-0.34,
-0.89,-0.27,9.48,-0.00,0.00,0.00,0.00,0.05,-0.34,
-0.93,-0.39,9.41,-0.00,0.00,0.00,0.00,0.05,-0.34,
-0.93,-0.39,9.41,-0.00,0.00,0.00,0.00,0.05,-0.34,
-0.93,-0.39,9.41,-0.00,0.00,0.00,0.00,0.05,-0.34,
-0.89,-0.39,9.41,-0.00,0.00,0.00,0.00,0.05,-0.34,
-0.89,-0.39,9.41,0.00,0.00,0.00,0.00,0.05,-0.34,
-0.89,-0.39,9.41,0.00,-0.00,-0.00,0.00,0.05,-0.34,
-0.89,-0.39,9.41,0.00,0.00,-0.00,0.00,0.05,-0.34,
-0.89,-0.39,9.41,-0.00,-0.00,0.00,0.00,0.05,-0.34,
-0.89,-0.31,9.56,-0.00,-0.00,0.00,0.00,0.05,-0.34,
-0.89,-0.31,9.56,-0.00,0.00,0.00,0.00,0.05,-0.34,
-0.89,-0.31,9.56,0.00,0.00,0.00,0.00,0.05,-0.34,
-0.89,-0.31,9.56,0.00,0.00,0.00,0.00,0.05,-0.34,
-0.97,-0.35,9.48,0.00,0.00,0.00,0.00,0.05,-0.34,
-0.97,-0.35,9.48,-0.00,0.00,-0.00,0.00,0.05,-0.34,
-0.93,-0.50,9.52,-0.00,0.00,-0.00,0.00,0.05,-0.34,
-0.93,-0.50,9.52,0.00,-0.00,-0.00,0.00,0.05,-0.34,
-0.93,-0.50,9.52,0.00,-0.00,-0.00,0.00,0.05,-0.34,
-0.93,-0.39,9.41,0.00,-0.00,-0.00,0.00,0.05,-0.34,
-0.93,-0.39,9.41,0.01,-0.00,-0.00,0.00,0.05,-0.34,
-0.93,-0.31,9.45,0.01,-0.00,-0.00,0.00,0.05,-0.34,
-0.93,-0.31,9.45,-0.00,-0.00,-0.00,0.00,0.05,-0.34,
-0.93,-0.31,9.45,-0.01,0.00,-0.01,0.00,0.05,-0.34,
-0.89,-0.43,9.52,-0.01,0.00,-0.01,0.00,0.05,-0.34,
-0.89,-0.43,9.52,-0.00,-0.00,-0.01,0.00,0.05,-0.34,
-0.89,-0.43,9.52,0.01,-0.00,-0.01,0.00,0.05,-0.34,
-0.89,-0.43,9.52,0.01,0.00,-0.01,0.00,0.05,-0.34,
-0.97,-0.20,9.60,0.01,0.00,-0.01,0.00,0.05,-0.34,
-0.97,-0.20,9.60,0.01,-0.00,-0.01,0.00,0.05,-0.34,
-0.97,-0.20,9.60,0.01,-0.00,-0.00,0.00,0.05,-0.34,
-0.97,-0.20,9.60,-0.01,0.00,-0.00,0.00,0.05,-0.34,
-0.97,-0.20,9.60,-0.00,-0.00,-0.00,0.00,0.05,-0.34,
-0.89,-0.31,9.56,-0.00,-0.00,-0.00,0.00,0.05,-0.34,
-0.89,-0.31,9.56,0.00,-0.00,-0.00,0.00,0.05,-0.34,
-0.89,-0.31,9.48,0.00,-0.00,-0.00,0.00,0.05,-0.34,
-0.89,-0.31,9.48,0.00,-0.01,-0.00,0.00,0.05,-0.34,
-0.93,-0.43,9.41,0.00,-0.01,-0.00,0.00,0.05,-0.34,
-0.93,-0.43,9.41,-0.01,-0.00,-0.00,0.00,0.05,-0.34,
-0.93,-0.58,9.37,-0.01,-0.00,-0.00,0.00,0.05,-0.34,
-0.93,-0.58,9.37,-0.01,-0.00,-0.00,0.00,0.05,-0.34,
-0.93,-0.58,9.37,0.01,0.00,-0.01,0.00,0.05,-0.34,
-0.93,-0.58,9.37,-0.00,-0.00,-0.01,0.00,0.05,-0.34,
-0.93,-0.58,9.37,0.01,0.00,-0.01,0.00,0.05,-0.34,
-0.89,-0.58,9.41,0.01,0.00,-0.01,0.00,0.05,-0.34,
-0.89,-0.58,9.41,-0.00,0.00,-0.02,0.00,0.05,-0.34,
-0.97,-0.73,9.45,-0.00,0.00,-0.02,0.00,0.05,-0.34,
-0.97,-0.73,9.45,0.01,0.00,-0.02,0.00,0.05,-0.34,
-0.97,-0.73,9.45,0.01,0.01,-0.02,0.00,0.05,-0.34,
-0.93,-0.58,9.45,0.01,0.01,-0.02,0.00,0.05,-0.34,
-0.93,-0.58,9.45,0.01,0.01,-0.02,0.00,0.05,-0.34,
-0.89,-0.70,9.45,0.01,0.01,-0.02,0.00,0.05,-0.34,
-0.89,-0.70,9.45,0.01,0.00,-0.03,0.00,0.05,-0.34,
-0.93,-0.73,9.45,0.01,0.00,-0.03,0.00,0.05,-0.34,
-0.93,-0.73,9.48,0.01,0.00,-0.03,0.00,0.05,-0.34,
-0.93,-0.73,9.48,0.01,0.00,-0.04,0.00,0.05,-0.34,
-0.93,-0.73,9.48,0.01,0.00,-0.04,0.00,0.05,-0.34,
-0.93,-0.73,9.48,0.01,0.00,-0.04,0.00,0.05,-0.34,
-0.93,-0.73,9.48,0.01,0.01,-0.05,0.00,0.05,-0.34,
-0.93,-0.73,9.48,0.01,0.00,-0.05,0.00,0.05,-0.34,
-0.93,-0.62,9.68,0.01,0.00,-0.05,0.00,0.05,-0.34,
-0.93,-0.62,9.68,0.02,0.00,-0.05,0.00,0.05,-0.34,
-0.97,-0.62,9.75,0.02,0.00,-0.05,0.00,0.05,-0.34,
-0.97,-0.62,9.75,0.01,-0.00,-0.06,0.00,0.05,-0.34,
-0.97,-0.66,9.71,0.01,-0.00,-0.06,0.00,0.05,-0.34,
-0.97,-0.66,9.71,0.02,-0.01,-0.07,0.00,0.05,-0.34,
-0.97,-0.66,9.71,0.02,-0.01,-0.07,0.00,0.05,-0.34,
-1.01,-0.46,9.60,0.02,-0.01,-0.07,0.00,0.05,-0.34,
-1.01,-0.46,9.60,0.01,-0.01,-0.07,0.00,0.05,-0.34,
-1.01,-0.46,9.60,0.01,-0.01,-0.07,0.00,0.05,-0.34,
-1.01,-0.46,9.60,0.01,-0.01,-0.07,0.00,0.05,-0.34,
-0.93,-0.58,9.60,0.01,-0.01,-0.07,0.00,0.05,-0.34,
-0.93,-0.58,9.60,0.01,-0.01,-0.07,0.00,0.05,-0.34,
-0.93,-0.58,9.60,0.01,-0.01,-0.08,0.00,0.05,-0.34,
-0.93,-0.58,9.60,0.02,-0.02,-0.08,0.00,0.05,-0.34,
-0.93,-0.58,9.60,0.02,-0.02,-0.08,0.00,0.05,-0.34,
-0.97,-0.39,9.56,0.02,-0.02,-0.08,0.00,0.05,-0.34,
-0.97,-0.39,9.56,0.02,-0.02,-0.08,0.00,0.05,-0.34,
-0.86,-0.35,9.68,0.02,-0.02,-0.08,0.00,0.05,-0.34,
-0.86,-0.35,9.68,0.02,-0.02,-0.08,0.00,0.05,-0.34,
-0.86,-0.35,9.68,0.02,-0.02,-0.08,0.00,0.05,-0.34,
-0.93,-0.39,9.60,0.02,-0.02,-0.08,0.00,0.05,-0.34,
-0.93,-0.39,9.60,0.02,-0.02,-0.08,0.00,0.05,-0.34,
-0.93,-0.43,9.60,0.02,-0.02,-0.08,0.00,0.05,-0.34,
-0.93,-0.43,9.60,0.02,-0.02,-0.09,0.00,0.05,-0.34,
-0.89,-0.31,9.60,0.02,-0.02,-0.09,0.00,0.05,-0.34,
-0.89,-0.35,9.48,0.02,-0.02,-0.09,0.00,0.05,-0.34,
-0.89,-0.35,9.48,0.02,-0.02,-0.09,-0.01,0.05,-0.36,
-0.89,-0.35,9.48,0.01,-0.03,-0.09,-0.01,0.05,-0.36,
-0.89,-0.35,9.48,0.01,-0.03,-0.09,-0.01,0.05,-0.36,
-0.89,-0.66,9.41,0.01,-0.03,-0.09,-0.01,0.05,-0.36,
-0.89,-0.66,9.41,0.02,-0.02,-0.10,-0.01,0.05,-0.36,
-0.86,-0.39,9.29,0.02,-0.02,-0.10,-0.01,0.05,-0.36,
-0.86,-0.39,9.29,0.01,-0.02,-0.10,-0.01,0.05,-0.36,
-0.89,-0.54,9.29,0.01,-0.02,-0.10,-0.01,0.05,-0.36,
-0.89,-0.54,9.29,0.02,-0.02,-0.10,-0.01,0.05,-0.36,
-0.86,-0.58,9.37,0.02,-0.02,-0.10,-0.01,0.05,-0.36,
-0.86,-0.43,9.29,0.02,-0.02,-0.10,-0.01,0.05,-0.36,
-0.86,-0.43,9.29,0.02,-0.01,-0.11,-0.01,0.05,-0.36,
-0.86,-0.43,9.29,0.02,-0.01,-0.11,-0.01,0.05,-0.36,
-0.86,-0.43,9.29,0.02,-0.01,-0.11,-0.01,0.05,-0.36,
-0.86,-0.50,9.29,0.02,-0.01,-0.11,-0.01,0.05,-0.36,
-0.86,-0.50,9.29,0.02,-0.01,-0.11,-0.01,0.05,-0.36,
-0.86,-0.50,9.29,0.02,-0.01,-0.11,-0.00,0.05,-0.37,
-0.86,-0.50,9.29,0.02,-0.00,-0.12,-0.00,0.05,-0.37,
-0.86,-0.31,9.22,0.02,-0.00,-0.12,-0.00,0.05,-0.37,
-0.86,-0.31,9.22,0.02,-0.00,-0.11,-0.00,0.05,-0.37,
-0.89,-0.46,9.33,0.02,-0.00,-0.11,-0.00,0.05,-0.37,
-0.86,-0.54,9.29,0.02,-0.00,-0.11,-0.00,0.05,-0.37,
-0.86,-0.54,9.29,0.02,0.00,-0.12,-0.00,0.05,-0.37,
-0.86,-0.54,9.29,0.04,0.00,-0.13,-0.00,0.05,-0.37,
-0.86,-0.54,9.29,0.02,-0.00,-0.12,-0.00,0.05,-0.37,
-0.86,-0.54,9.29,0.02,0.00,-0.13,-0.00,0.05,-0.37,
-0.86,-0.54,9.29,0.01,0.00,-0.13,-0.00,0.05,-0.37,
-0.89,-0.77,9.56,0.01,0.00,-0.13,-0.00,0.05,-0.37,
-0.89,-0.77,9.56,0.03,0.00,-0.14,-0.00,0.05,-0.37,
-0.89,-0.77,9.56,0.03,0.01,-0.14,-0.00,0.05,-0.37,
-0.86,-0.54,9.45,0.03,0.01,-0.14,-0.00,0.05,-0.37,
-0.86,-0.54,9.45,0.03,0.01,-0.14,-0.00,0.05,-0.37,
-0.97,-0.70,9.52,0.03,0.01,-0.14,-0.00,0.05,-0.37,
-0.97,-0.70,9.52,0.01,0.01,-0.15,-0.00,0.05,-0.37,
-0.93,-0.81,9.60,0.01,0.01,-0.15,-0.00,0.05,-0.37,
-0.93,-0.81,9.60,0.04,0.00,-0.16,-0.00,0.05,-0.37,
-0.97,-0.62,9.52,0.04,0.00,-0.16,-0.00,0.05,-0.37,
-0.93,-0.43,9.56,0.04,0.00,-0.16,-0.00,0.05,-0.37,
-0.93,-0.43,9.56,0.02,0.00,-0.16,-0.00,0.05,-0.37,
-0.93,-0.43,9.56,0.04,0.00,-0.16,-0.00,0.05,-0.37,
-0.93,-0.43,9.56,0.04,-0.00,-0.16,-0.00,0.05,-0.37,
-0.86,-0.31,9.71,0.04,-0.00,-0.16,-0.00,0.05,-0.37,
-0.86,-0.31,9.71,0.01,-0.01,-0.17,-0.00,0.05,-0.37,
-0.86,-0.31,9.71,0.01,-0.00,-0.17,-0.00,0.05,-0.37,
-0.86,-0.31,9.71,0.01,-0.01,-0.17,-0.00,0.05,-0.37,
-0.86,-0.31,9.71,0.01,-0.00,-0.18,-0.00,0.05,-0.37,
-0.93,-0.58,9.60,0.01,-0.00,-0.18,-0.00,0.05,-0.37,
-0.93,-0.58,9.60,0.02,-0.01,-0.18,-0.00,0.05,-0.37,
-0.97,-0.46,9.52,0.02,-0.01,-0.18,-0.00,0.05,-0.37,
-0.97,-0.46,9.52,0.03,-0.01,-0.18,-0.00,0.05,-0.37,
-0.97,-0.43,9.33,0.03,-0.01,-0.18,-0.00,0.05,-0.37,
-0.97,-0.43,9.33,0.03,-0.01,-0.19,-0.00,0.05,-0.37,
-1.01,-0.27,9.29,0.03,-0.01,-0.19,-0.00,0.05,-0.37,
-0.97,-0.27,9.29,0.03,-0.01,-0.19,-0.00,0.05,-0.37,
-0.97,-0.27,9.29,0.04,-0.01,-0.19,-0.00,0.05,-0.37,
-0.97,-0.27,9.29,0.02,0.00,-0.19,-0.00,0.05,-0.37,
-0.97,-0.27,9.29,0.03,0.00,-0.19,-0.00,0.05,-0.37,
-0.89,-0.46,9.52,0.03,0.00,-0.19,-0.00,0.05,-0.37,
-0.89,-0.46,9.52,0.08,-0.00,-0.20,-0.00,0.05,-0.37,
-0.89,-0.46,9.52,0.08,-0.00,-0.20,-0.00,0.05,-0.42,
-0.89,-0.46,9.52,0.06,-0.00,-0.19,-0.00,0.05,-0.42,
-0.89,-0.46,9.52,0.05,-0.01,-0.19,-0.00,0.05,-0.42,
-0.82,-0.01,9.71,0.05,-0.01,-0.19,-0.00,0.05,-0.42,
-0.82,-0.01,9.71,0.02,-0.01,-0.19,-0.00,0.05,-0.42,
-0.93,-0.31,9.75,0.02,-0.01,-0.19,-0.00,0.05,-0.42,
-0.93,-0.31,9.75,0.04,-0.01,-0.19,-0.00,0.05,-0.42,
-0.93,-0.31,9.75,0.06,-0.02,-0.20,-0.00,0.05,-0.42,
-0.93,-0.31,9.75,0.04,-0.01,-0.20,-0.00,0.05,-0.42,
-1.12,-0.12,9.56,0.04,-0.01,-0.20,-0.00,0.05,-0.42,
-1.12,-0.12,9.56,0.05,-0.01,-0.20,-0.00,0.05,-0.42,
-1.12,-0.12,9.56,0.05,-0.01,-0.20,0.00,0.05,-0.43,
-1.12,-0.12,9.56,0.03,-0.02,-0.20,0.00,0.05,-0.43,
-0.89,0.11,9.48,0.03,-0.02,-0.20,0.00,0.05,-0.43,
-0.89,0.11,9.48,0.02,-0.01,-0.19,0.00,0.05,-0.43,
-0.89,0.11,9.48,-0.01,-0.01,-0.19,0.00,0.05,-0.43,
-0.89,0.11,9.48,-0.01,-0.01,-0.19,0.00,0.05,-0.43,
-0.89,0.11,9.48,-0.00,-0.02,-0.20,0.00,0.05,-0.43,
-0.89,0.11,9.48,0.01,-0.01,-0.21,0.00,0.05,-0.43,
-1.01,-1.00,9.56,0.01,-0.01,-0.21,0.00,0.05,-0.43,
-1.01,-1.00,9.56,0.05,-0.01,-0.22,0.00,0.05,-0.43,
-0.82,-0.85,9.68,0.05,-0.01,-0.22,0.00,0.05,-0.43,
-0.82,-0.85,9.68,0.04,-0.02,-0.22,0.00,0.05,-0.43,
-0.82,-0.85,9.68,0.04,-0.02,-0.23,0.00,0.05,-0.43,
-0.86,-0.54,9.37,0.04,-0.02,-0.23,0.00,0.05,-0.43,
-0.86,-0.54,9.37,0.04,-0.02,-0.24,0.00,0.05,-0.43,
-0.93,-0.43,9.45,0.04,-0.02,-0.24,0.00,0.05,-0.43,
-0.93,-0.43,9.45,0.03,-0.01,-0.24,0.00,0.05,-0.43,
-0.93,-0.43,9.45,0.03,-0.01,-0.24,0.00,0.04,-0.46,
-0.86,-0.23,9.75,0.03,-0.01,-0.24,0.00,0.04,-0.46,
-0.86,-0.23,9.75,0.03,-0.03,-0.25,0.00,0.04,-0.46,
-0.86,-0.23,9.75,0.02,-0.02,-0.25,0.00,0.04,-0.46,
-0.86,-0.23,9.75,0.03,-0.03,-0.25,0.00,0.04,-0.46,
-1.09,0.18,9.79,0.03,-0.03,-0.25,0.00,0.04,-0.46,
-1.09,0.18,9.79,0.01,-0.02,-0.25,0.00,0.04,-0.46,
-1.09,0.18,9.79,0.01,-0.02,-0.25,0.00,0.04,-0.47,
-1.09,0.18,9.79,0.01,-0.03,-0.25,0.00,0.04,-0.47,
-1.05,1.76,8.76,0.01,-0.03,-0.25,0.00,0.04,-0.47,
-1.05,1.76,8.76,0.06,0.01,-0.20,0.00,0.04,-0.47,
-1.05,1.76,8.76,-0.03,0.00,-0.20,0.00,0.04,-0.47,
-0.43,0.15,8.72,-0.03,0.00,-0.20,0.00,0.04,-0.47,
-0.43,0.15,8.72,0.00,0.00,-0.19,0.00,0.04,-0.47,
-0.66,-0.81,8.64,0.00,0.00,-0.19,0.00,0.04,-0.47,
-0.66,-0.81,8.64,-0.04,0.00,-0.21,0.00,0.04,-0.47,
-1.20,-1.46,8.68,-0.04,0.00,-0.21,0.00,0.04,-0.47,
-0.86,-1.77,9.03,-0.04,0.00,-0.21,0.00,0.04,-0.47,
-0.82,-1.65,9.22,-0.04,0.00,-0.21,0.00,0.04,-0.47,
-0.82,-1.65,9.22,0.07,0.01,-0.25,0.00,0.04,-0.47,
-0.78,-1.00,9.29,0.07,0.01,-0.25,0.00,0.04,-0.47,
-0.78,-1.00,9.29,0.08,0.02,-0.25,0.00,0.04,-0.47,
-0.78,-1.00,9.29,0.04,0.01,-0.26,0.00,0.04,-0.47,
-1.20,-0.54,9.10,0.04,0.01,-0.26,0.00,0.04,-0.47,
-1.20,-0.54,9.10,0.02,0.03,-0.26,0.00,0.04,-0.47,
-1.24,-0.93,9.10,0.02,0.03,-0.26,0.00,0.04,-0.47,
-1.24,-0.93,9.10,0.07,0.04,-0.28,0.00,0.04,-0.47,
-1.20,-0.46,8.99,0.07,0.04,-0.28,0.00,0.04,-0.47,
-1.05,-0.16,9.10,0.07,0.04,-0.28,0.00,0.04,-0.47,
-1.05,-0.16,9.10,0.07,0.04,-0.28,0.01,0.04,-0.50,
-1.05,-0.16,9.10,0.07,0.04,-0.28,0.01,0.04,-0.50,
-1.09,0.38,9.06,0.07,0.04,-0.28,0.01,0.04,-0.50,
-1.05,0.38,9.14,0.07,0.04,-0.28,0.01,0.04,-0.50,
-1.05,0.38,9.14,0.07,0.04,-0.27,0.01,0.04,-0.50,
-0.97,0.38,9.03,0.07,0.04,-0.27,0.01,0.04,-0.50,
-0.97,0.38,9.03,0.03,0.05,-0.26,0.01,0.04,-0.50,
-1.01,0.11,9.41,0.03,0.05,-0.26,0.01,0.04,-0.50,
-1.01,0.11,9.41,0.07,0.05,-0.26,0.01,0.04,-0.50,
-0.97,0.22,9.48,0.07,0.05,-0.26,0.01,0.04,-0.50,
-1.16,0.26,9.52,0.07,0.05,-0.26,0.01,0.04,-0.50,
-1.16,0.26,9.52,0.07,0.05,-0.26,0.01,0.04,-0.50,
-1.16,0.26,9.52,0.09,0.05,-0.25,0.01,0.04,-0.50,
-1.16,0.26,9.52,0.09,0.05,-0.25,0.01,0.04,-0.50,
-1.16,0.26,9.52,0.04,0.05,-0.25,0.01,0.04,-0.50,
-1.16,0.26,9.52,0.07,0.05,-0.25,0.01,0.04,-0.50,
-0.97,0.95,9.60,0.07,0.05,-0.25,0.01,0.04,-0.50,
-0.97,0.95,9.60,0.04,0.05,-0.24,0.01,0.04,-0.50,
-1.05,0.99,9.60,0.04,0.05,-0.24,0.01,0.04,-0.50,
-1.05,0.99,9.60,0.04,0.05,-0.22,0.01,0.04,-0.50,
-1.12,0.34,9.79,0.04,0.05,-0.22,0.01,0.04,-0.50,
-1.12,0.34,9.79,0.06,0.04,-0.21,0.01,0.04,-0.50,
-0.93,0.03,9.87,0.06,0.04,-0.21,0.01,0.04,-0.50,
-1.05,0.26,9.79,0.06,0.04,-0.21,0.01,0.04,-0.50,
-1.05,0.26,9.79,0.06,0.04,-0.21,0.02,0.05,-0.54,
-1.05,0.26,9.79,0.05,0.03,-0.21,0.02,0.05,-0.54,
-1.12,0.64,9.87,0.05,0.03,-0.21,0.02,0.05,-0.54,
-1.12,0.64,9.87,0.05,0.02,-0.21,0.02,0.05,-0.54,
-1.20,0.45,9.91,0.05,0.02,-0.21,0.02,0.05,-0.54,
-1.20,0.45,9.91,0.04,0.02,-0.20,0.02,0.05,-0.54,
-1.20,0.45,9.91,0.04,0.02,-0.20,0.03,0.05,-0.55,
-1.28,0.18,9.83,0.04,0.02,-0.20,0.03,0.05,-0.55,
-1.28,0.18,9.83,0.04,0.01,-0.20,0.03,0.05,-0.55,
-1.35,-0.04,9.68,0.04,0.01,-0.20,0.03,0.05,-0.55,
-1.35,-0.04,9.68,0.06,0.01,-0.20,0.03,0.05,-0.55,
-1.28,0.30,9.37,0.06,0.01,-0.20,0.03,0.05,-0.55,
-1.28,0.30,9.37,0.08,0.02,-0.20,0.03,0.05,-0.55,
-1.01,0.99,9.45,0.08,0.02,-0.20,0.03,0.05,-0.55,
-1.01,0.99,9.45,0.06,0.01,-0.19,0.03,0.05,-0.55,
-1.01,0.80,9.29,0.06,0.01,-0.19,0.03,0.05,-0.55,
-1.01,0.80,9.29,0.03,0.01,-0.17,0.03,0.05,-0.55,
-1.01,0.80,9.29,0.03,0.01,-0.17,0.03,0.04,-0.56,
-1.01,-0.73,8.95,0.03,0.01,-0.17,0.03,0.04,-0.56,
-1.01,-0.73,8.95,0.07,0.02,-0.19,0.03,0.04,-0.56,
-1.09,0.03,9.06,0.07,0.02,-0.19,0.03,0.04,-0.56,
-1.09,0.03,9.06,0.10,0.02,-0.20,0.03,0.04,-0.56,
-1.05,0.99,9.33,0.10,0.02,-0.20,0.03,0.04,-0.56,
-1.16,1.30,9.41,0.10,0.02,-0.20,0.03,0.04,-0.56,
-1.16,1.30,9.41,0.10,0.02,-0.20,0.03,0.04,-0.57,
-1.16,1.30,9.41,0.03,0.01,-0.17,0.03,0.04,-0.57,
-1.35,0.88,9.79,0.03,0.01,-0.17,0.03,0.04,-0.57,
-1.35,0.88,9.79,0.01,0.02,-0.16,0.03,0.04,-0.57,
-1.35,0.88,9.79,0.03,0.02,-0.16,0.03,0.04,-0.57,
-1.24,0.26,9.71,0.03,0.02,-0.16,0.03,0.04,-0.57,
-1.24,0.26,9.71,0.07,0.02,-0.16,0.03,0.04,-0.57,
-1.09,0.84,9.60,0.07,0.02,-0.16,0.03,0.04,-0.57,
-1.09,0.84,9.60,0.11,0.01,-0.15,0.03,0.04,-0.57,
-1.09,0.84,9.60,0.11,0.01,-0.15,0.04,0.04,-0.61,
-0.93,1.34,9.45,0.11,0.01,-0.15,0.04,0.04,-0.61,
-0.93,1.34,9.45,0.22,-0.00,-0.13,0.04,0.04,-0.61,
-0.93,1.34,9.45,0.10,0.00,-0.11,0.04,0.04,-0.61,
-0.93,1.34,9.45,0.10,0.00,-0.10,0.04,0.04,-0.61,
-0.93,1.34,9.45,0.11,0.00,-0.09,0.04,0.04,-0.61,
-0.93,1.34,9.45,0.22,-0.01,-0.07,0.04,0.04,-0.61,
-0.93,1.34,9.45,0.48,-0.03,-0.06,0.04,0.04,-0.61,
-0.93,1.34,9.45,0.48,-0.03,-0.06,0.05,0.03,-0.63,
-0.86,2.68,10.14,0.48,-0.03,-0.06,0.05,0.03,-0.63,
-0.86,2.68,10.14,1.08,-0.05,-0.02,0.05,0.03,-0.63,
-0.86,2.68,10.14,0.68,-0.04,-0.00,0.05,0.03,-0.63,
-0.86,2.68,10.14,0.62,-0.04,0.00,0.05,0.03,-0.63,
-1.43,2.79,9.64,0.62,-0.04,0.00,0.05,0.03,-0.63,
-1.43,2.79,9.64,0.71,-0.04,0.03,0.05,0.03,-0.63,
-1.16,2.37,9.95,0.71,-0.04,0.03,0.05,0.03,-0.63,
-1.16,2.37,9.95,1.17,-0.07,0.06,0.05,0.03,-0.63,
-1.16,2.45,9.22,1.17,-0.07,0.06,0.05,0.03,-0.63,
-1.16,2.45,9.22,1.12,-0.07,0.07,0.05,0.03,-0.63,
-1.16,2.64,8.91,1.12,-0.07,0.07,0.05,0.03,-0.63,
-1.20,2.56,8.99,1.12,-0.07,0.07,0.05,0.03,-0.63,
-1.20,2.56,8.99,1.12,-0.07,0.07,0.11,-0.03,-0.63,
-1.20,2.56,8.99,0.99,-0.06,0.08,0.11,-0.03,-0.63,
-1.20,2.56,8.99,1.14,-0.07,0.08,0.11,-0.03,-0.63,
-1.20,2.56,8.99,1.29,-0.06,0.08,0.11,-0.03,-0.63,
-1.20,2.56,8.99,1.31,-0.07,0.08,0.11,-0.03,-0.63,
-0.97,1.91,8.68,1.31,-0.07,0.08,0.11,-0.03,-0.63,
-0.97,1.91,8.68,1.51,-0.07,0.06,0.11,-0.03,-0.63,
-0.97,2.71,8.61,1.51,-0.07,0.06,0.11,-0.03,-0.63,
-0.97,2.71,8.61,1.52,-0.07,0.05,0.11,-0.03,-0.63,
-1.12,2.91,8.22,1.52,-0.07,0.05,0.11,-0.03,-0.63,
-1.12,2.91,8.22,1.48,-0.06,0.04,0.11,-0.03,-0.63,
-1.09,1.98,8.57,1.48,-0.06,0.04,0.11,-0.03,-0.63,
-1.09,1.98,8.57,2.40,-0.09,0.02,0.11,-0.03,-0.63,
-1.09,1.98,8.57,2.70,-0.10,0.02,0.11,-0.03,-0.63,
-1.09,1.98,8.57,3.02,-0.12,-0.00,0.11,-0.03,-0.63,
-0.74,3.36,8.03,3.02,-0.12,-0.00,0.11,-0.03,-0.63,
-0.74,3.36,8.03,2.89,-0.13,-0.03,0.11,-0.03,-0.63,
-0.74,3.36,8.03,2.61,-0.12,-0.03,0.11,-0.03,-0.63,
-0.86,5.70,6.69,2.61,-0.12,-0.03,0.11,-0.03,-0.63,
-0.86,5.70,6.69,1.97,-0.11,-0.04,0.11,-0.03,-0.63,
-0.74,4.86,7.30,1.97,-0.11,-0.04,0.11,-0.03,-0.63,
-0.74,4.86,7.30,2.42,-0.16,-0.07,0.11,-0.03,-0.63,
-0.93,5.78,7.00,2.42,-0.16,-0.07,0.11,-0.03,-0.63,
-0.74,6.47,6.84,2.42,-0.16,-0.07,0.11,-0.03,-0.63,
-0.74,6.47,6.84,2.42,-0.16,-0.07,0.36,-0.26,-0.60,
-0.74,6.47,6.84,2.78,-0.21,-0.07,0.36,-0.26,-0.60,
-0.74,6.47,6.84,2.76,-0.22,-0.08,0.36,-0.26,-0.60,
-2.73,9.72,3.51,2.76,-0.22,-0.08,0.36,-0.26,-0.60,
-2.73,9.72,3.51,1.66,-0.20,-0.06,0.36,-0.26,-0.60,
-0.78,10.30,2.63,1.66,-0.20,-0.06,0.36,-0.26,-0.60,
-0.78,10.30,2.63,1.10,-0.15,-0.06,0.36,-0.26,-0.60,
-0.55,10.26,2.63,1.10,-0.15,-0.06,0.36,-0.26,-0.60,
-0.55,10.26,2.63,0.87,-0.12,-0.02,0.36,-0.26,-0.60,
-1.05,9.95,2.09,0.87,-0.12,-0.02,0.36,-0.26,-0.60,
-0.70,10.14,2.40,0.87,-0.12,-0.02,0.36,-0.26,-0.60,
-0.70,10.14,2.40,0.87,-0.12,-0.02,0.42,-0.35,-0.58,
-0.70,10.14,2.40,0.73,-0.08,0.00,0.42,-0.35,-0.58,
-0.70,10.14,2.40,0.53,-0.05,0.00,0.42,-0.35,-0.58,
-0.47,10.03,0.98,0.53,-0.05,0.00,0.42,-0.35,-0.58,
-0.78,9.38,0.94,0.53,-0.05,0.00,0.42,-0.35,-0.58,
-0.97,8.61,1.32,0.53,-0.05,0.00,0.42,-0.35,-0.58,
-0.97,8.61,1.32,1.14,-0.02,0.04,0.42,-0.35,-0.58,
-0.97,8.61,1.32,1.14,-0.02,0.04,0.44,-0.37,-0.57,
-1.28,7.23,2.44,1.14,-0.02,0.04,0.44,-0.37,-0.57,
-1.28,7.23,2.44,2.22,-0.05,0.07,0.44,-0.37,-0.57,
-0.59,8.84,0.91,2.22,-0.05,0.07,0.44,-0.37,-0.57,
-0.59,8.84,0.91,1.56,0.00,0.03,0.44,-0.37,-0.57,
-0.32,9.34,0.83,1.56,0.00,0.03,0.44,-0.37,-0.57,
-0.39,8.73,1.02,1.56,0.00,0.03,0.44,-0.37,-0.57,
-0.39,8.73,1.02,0.53,0.05,0.03,0.44,-0.37,-0.57,
-0.82,7.62,3.01,0.53,0.05,0.03,0.44,-0.37,-0.57,
-0.82,7.62,3.01,1.07,-0.00,0.01,0.44,-0.37,-0.57,
-0.82,7.62,3.01,1.33,-0.05,-0.01,0.44,-0.37,-0.57,
-0.82,7.62,3.01,1.43,-0.05,-0.01,0.44,-0.37,-0.57,
-0.74,9.49,0.83,1.43,-0.05,-0.01,0.44,-0.37,-0.57,
-0.74,9.49,0.83,0.52,-0.02,-0.03,0.44,-0.37,-0.57,
-0.74,9.49,0.83,0.52,-0.02,-0.03,0.50,-0.45,-0.53,
-0.74,9.49,0.83,-0.01,-0.01,-0.00,0.50,-0.45,-0.53,
-1.24,9.00,1.75,-0.01,-0.01,-0.00,0.50,-0.45,-0.53,
-1.24,9.00,1.75,0.05,-0.04,-0.04,0.50,-0.45,-0.53,
-0.66,9.53,1.86,0.05,-0.04,-0.04,0.50,-0.45,-0.53,
-0.66,9.53,1.86,0.03,-0.07,-0.04,0.50,-0.45,-0.53,
-0.66,9.53,1.86,0.07,-0.08,-0.04,0.50,-0.45,-0.53,
-0.66,9.53,1.86,0.06,-0.08,-0.05,0.50,-0.45,-0.53,
-0.63,9.65,0.41,0.06,-0.08,-0.05,0.50,-0.45,-0.53,
-0.63,9.65,0.41,0.04,-0.08,-0.03,0.50,-0.45,-0.53,
-0.82,9.65,0.33,0.04,-0.08,-0.03,0.50,-0.45,-0.53,
-0.82,9.65,0.33,0.02,-0.07,-0.02,0.50,-0.45,-0.53,
-0.74,9.72,0.68,0.02,-0.07,-0.02,0.50,-0.45,-0.53,
-0.74,9.72,0.68,0.04,-0.08,-0.02,0.50,-0.45,-0.53,
-0.74,9.72,0.68,0.00,-0.08,-0.01,0.50,-0.45,-0.53,
-1.09,10.03,0.71,0.00,-0.08,-0.01,0.50,-0.45,-0.53,
-1.09,10.03,0.71,0.00,-0.08,-0.01,0.49,-0.46,-0.54,
-1.09,10.03,0.71,0.06,-0.09,-0.01,0.49,-0.46,-0.54,
-0.93,9.38,0.25,0.06,-0.09,-0.01,0.49,-0.46,-0.54,
-0.93,9.38,0.25,0.06,-0.09,-0.02,0.49,-0.46,-0.54,
-0.93,9.38,0.25,0.03,-0.09,-0.01,0.49,-0.46,-0.54,
-0.74,8.46,0.83,0.03,-0.09,-0.01,0.49,-0.46,-0.54,
-0.74,8.46,0.83,0.03,-0.10,-0.02,0.49,-0.46,-0.54,
-0.55,7.96,0.25,0.03,-0.10,-0.02,0.49,-0.46,-0.54,
-0.55,7.96,0.25,0.01,-0.10,-0.04,0.49,-0.46,-0.54,
-0.55,7.96,0.25,0.01,-0.10,-0.04,0.49,-0.46,-0.54,
-0.74,7.96,-0.97,0.01,-0.10,-0.04,0.49,-0.46,-0.54,
-0.74,7.96,-0.97,0.02,-0.08,-0.06,0.49,-0.46,-0.54,
-0.74,7.96,-0.97,0.00,-0.07,-0.06,0.49,-0.46,-0.54,
-0.74,7.96,-0.97,-0.02,-0.06,-0.04,0.49,-0.46,-0.54,
-0.74,7.96,-0.97,-0.02,-0.06,-0.04,0.49,-0.46,-0.55,
-0.74,7.96,-0.97,-0.02,-0.06,-0.06,0.49,-0.46,-0.55,
-0.74,7.96,-0.97,-0.01,-0.06,-0.07,0.49,-0.46,-0.55,
-0.74,7.96,-0.97,0.01,-0.06,-0.07,0.49,-0.46,-0.55,
-0.74,7.96,-0.97,0.01,-0.06,-0.06,0.49,-0.46,-0.55,
-0.93,9.46,-0.51,0.01,-0.06,-0.06,0.49,-0.46,-0.55,
-0.93,9.46,-0.51,0.04,-0.05,-0.07,0.49,-0.46,-0.55,
-0.78,9.49,-1.13,0.04,-0.05,-0.07,0.49,-0.46,-0.55,
-0.78,9.49,-1.13,0.04,-0.03,-0.06,0.49,-0.46,-0.55,
-0.70,9.57,-1.51,0.04,-0.03,-0.06,0.49,-0.46,-0.55,
-0.70,9.57,-1.51,-0.01,-0.00,-0.05,0.49,-0.46,-0.55,
-0.59,9.95,-0.89,-0.01,-0.00,-0.05,0.49,-0.46,-0.55,
-0.74,10.07,-0.51,-0.01,-0.00,-0.05,0.49,-0.46,-0.55,
-0.74,10.07,-0.51,-0.01,-0.00,-0.05,0.49,-0.46,-0.55,
-0.74,10.07,-0.51,-0.03,0.01,-0.02,0.49,-0.46,-0.55,
-0.97,11.07,-0.36,-0.03,0.01,-0.02,0.49,-0.46,-0.55,
-0.97,11.07,-0.36,-0.02,0.02,0.00,0.49,-0.46,-0.55,
-1.39,10.88,-0.89,-0.02,0.02,0.00,0.49,-0.46,-0.55,
-1.39,10.88,-0.89,-0.00,0.04,0.01,0.49,-0.46,-0.55,
-1.39,10.88,-0.89,0.01,0.05,0.01,0.49,-0.46,-0.55,
-1.12,10.22,-0.59,0.01,0.05,0.01,0.49,-0.46,-0.55,
-1.12,10.22,-0.59,-0.00,0.06,0.03,0.49,-0.46,-0.55,
-1.12,10.22,-0.59,-0.00,0.07,0.02,0.49,-0.46,-0.55,
-1.12,10.22,-0.59,-0.00,0.07,0.02,0.49,-0.46,-0.55,
-0.74,9.57,-0.32,-0.00,0.07,0.02,0.49,-0.46,-0.55,
-0.74,9.57,-0.32,-0.03,0.08,0.04,0.49,-0.46,-0.55,
-0.74,9.57,-0.32,-0.03,0.08,0.04,0.50,-0.46,-0.55,
-0.74,9.57,-0.32,-0.03,0.07,0.04,0.50,-0.46,-0.55,
-0.74,9.57,-0.32,-0.03,0.07,0.04,0.50,-0.46,-0.55,
-0.70,9.46,0.87,-0.03,0.07,0.04,0.50,-0.46,-0.55,
-0.70,9.46,0.87,-0.03,0.06,0.05,0.50,-0.46,-0.55,
-0.97,9.65,-0.09,-0.03,0.06,0.05,0.50,-0.46,-0.55,
-0.97,9.65,-0.09,-0.03,0.06,0.04,0.50,-0.46,-0.55,
-0.89,9.84,-0.51,-0.03,0.06,0.04,0.50,-0.46,-0.55,
-0.89,9.84,-0.51,-0.02,0.07,0.05,0.50,-0.46,-0.55,
-0.93,9.69,-0.74,-0.02,0.07,0.05,0.50,-0.46,-0.55,
-0.82,9.72,-0.63,-0.02,0.07,0.05,0.50,-0.46,-0.55,
-0.82,9.72,-0.63,-0.05,0.09,0.04,0.50,-0.46,-0.55,
-0.82,9.72,-0.63,-0.11,0.09,0.05,0.50,-0.46,-0.55,
-0.82,9.72,-0.63,-0.18,0.11,0.05,0.50,-0.46,-0.55,
-0.70,9.72,-0.55,-0.18,0.11,0.05,0.50,-0.46,-0.55,
-0.70,9.72,-0.55,-0.21,0.12,0.06,0.50,-0.46,-0.55,
-0.70,9.72,-0.55,-0.21,0.12,0.06,0.50,-0.46,-0.54,
-0.70,9.72,-0.55,-0.45,0.13,0.07,0.50,-0.46,-0.54,
-0.59,10.88,-0.28,-0.45,0.13,0.07,0.50,-0.46,-0.54,
-0.59,10.88,-0.28,-1.35,0.17,0.08,0.50,-0.46,-0.54,
-0.74,10.76,0.29,-1.35,0.17,0.08,0.50,-0.46,-0.54,
-0.78,10.76,0.68,-1.35,0.17,0.08,0.50,-0.46,-0.54,
-0.78,10.76,0.68,-1.35,0.17,0.08,0.47,-0.43,-0.56,
-0.78,10.76,0.68,-2.05,0.21,0.11,0.47,-0.43,-0.56,
-0.78,10.76,0.68,-2.34,0.22,0.11,0.47,-0.43,-0.56,
-0.66,11.33,0.79,-2.34,0.22,0.11,0.47,-0.43,-0.56,
-0.66,11.33,0.79,-3.30,0.26,0.13,0.47,-0.43,-0.56,
-0.55,8.19,2.59,-3.30,0.26,0.13,0.47,-0.43,-0.56,
-0.55,8.19,2.59,-2.73,0.24,0.15,0.47,-0.43,-0.56,
-0.39,9.91,3.09,-2.73,0.24,0.15,0.47,-0.43,-0.56,
-0.39,9.91,3.09,-2.68,0.20,0.19,0.47,-0.43,-0.56,
-0.39,9.91,3.09,-3.29,0.22,0.20,0.47,-0.43,-0.56,
-0.59,8.65,2.55,-3.29,0.22,0.20,0.47,-0.43,-0.56,
-0.59,8.65,2.55,-4.47,0.29,0.18,0.47,-0.43,-0.56,
-0.82,6.05,4.70,-4.47,0.29,0.18,0.47,-0.43,-0.56,
-1.20,5.20,4.62,-4.47,0.29,0.18,0.47,-0.43,-0.56,
-1.20,5.20,4.62,-3.71,0.23,0.22,0.47,-0.43,-0.56,
-0.70,4.90,5.50,-3.71,0.23,0.22,0.47,-0.43,-0.56,
-0.70,4.90,5.50,-3.51,0.22,0.21,0.47,-0.43,-0.56,
-0.70,4.90,5.50,-3.78,0.22,0.21,0.47,-0.43,-0.56,
-0.70,4.90,5.50,-3.77,0.22,0.21,0.47,-0.43,-0.56,
-0.70,4.90,5.50,-3.60,0.22,0.21,0.47,-0.43,-0.56,
-0.70,4.90,5.50,-3.19,0.20,0.22,0.47,-0.43,-0.56,
-0.70,4.90,5.50,-3.00,0.19,0.22,0.47,-0.43,-0.56,
-0.70,1.34,6.08,-3.00,0.19,0.22,0.47,-0.43,-0.56,
-0.70,1.34,6.08,-2.77,0.20,0.21,0.47,-0.43,-0.56,
-1.12,0.30,6.27,-2.77,0.20,0.21,0.47,-0.43,-0.56,
-1.12,0.30,6.27,-2.67,0.22,0.20,0.47,-0.43,-0.56,
-0.70,-0.43,6.77,-2.67,0.22,0.20,0.47,-0.43,-0.56,
-0.63,-0.16,7.19,-2.67,0.22,0.20,0.47,-0.43,-0.56,
-0.63,-0.16,7.19,-2.35,0.22,0.18,0.47,-0.43,-0.56,
-0.93,0.15,7.76,-2.35,0.22,0.18,0.47,-0.43,-0.56,
-0.93,0.15,7.76,-2.47,0.23,0.17,0.47,-0.43,-0.56,
-0.93,0.15,7.76,-1.15,0.20,0.19,0.47,-0.43,-0.56,
-0.93,0.15,7.76,0.55,0.13,0.22,0.47,-0.43,-0.56,
-0.93,0.15,7.76,-0.22,0.16,0.11,0.47,-0.43,-0.56,
-0.93,0.15,7.76,-0.28,0.16,0.14,0.47,-0.43,-0.56,
-1.93,0.49,10.29,-0.28,0.16,0.14,0.47,-0.43,-0.56,
-1.93,0.49,10.29,-0.22,0.17,0.15,0.47,-0.43,-0.56,
-1.09,0.45,11.13,-0.22,0.17,0.15,0.47,-0.43,-0.56,
-1.09,0.45,11.13,-0.11,0.13,0.15,0.47,-0.43,-0.56,
-1.12,0.80,11.21,-0.11,0.13,0.15,0.47,-0.43,-0.56,
-1.12,0.80,11.21,0.08,0.11,0.19,0.47,-0.43,-0.56,
-0.97,0.76,11.29,0.08,0.11,0.19,0.47,-0.43,-0.56,
-1.28,0.80,11.02,0.08,0.11,0.19,0.47,-0.43,-0.56,
-1.28,0.80,11.02,0.08,0.11,0.19,0.06,0.03,-0.66,
-1.28,0.80,11.02,0.01,0.05,0.21,0.06,0.03,-0.66,
-1.20,0.99,10.90,0.01,0.05,0.21,0.06,0.03,-0.66,
-1.24,0.91,11.05,0.01,0.05,0.21,0.06,0.03,-0.66,
-1.24,0.91,11.05,0.02,0.03,0.22,0.06,0.03,-0.66,
-1.39,1.03,10.79,0.02,0.03,0.22,0.06,0.03,-0.66,
-1.39,1.03,10.79,-0.01,0.01,0.24,0.06,0.03,-0.66,
-1.20,1.37,10.52,-0.01,0.01,0.24,0.06,0.03,-0.66,
-1.20,1.37,10.52,0.02,-0.00,0.26,0.06,0.03,-0.66,
-1.20,1.37,10.52,-0.07,-0.01,0.27,0.06,0.03,-0.66,
-1.20,1.37,10.52,-0.05,-0.01,0.28,0.06,0.03,-0.66,
-1.20,1.37,10.52,-0.05,-0.01,0.28,0.06,0.03,-0.64,
-1.20,1.37,10.52,-0.05,-0.02,0.30,0.06,0.03,-0.64,
-1.20,1.37,10.52,-0.08,-0.02,0.30,0.06,0.03,-0.64,
-1.20,1.37,10.52,-0.05,-0.03,0.31,0.06,0.03,-0.64,
-1.20,1.37,10.52,-0.08,-0.03,0.31,0.06,0.03,-0.64,
-1.28,0.34,9.48,-0.08,-0.03,0.31,0.06,0.03,-0.64,
-1.28,0.34,9.48,-0.07,-0.03,0.31,0.06,0.03,-0.64,
-1.39,0.22,9.29,-0.07,-0.03,0.31,0.06,0.03,-0.64,
-1.39,0.22,9.29,-0.05,-0.02,0.32,0.06,0.03,-0.64,
-1.31,0.34,9.06,-0.05,-0.02,0.32,0.06,0.03,-0.64,
-1.31,0.34,9.06,-0.04,-0.02,0.32,0.06,0.03,-0.64,
-1.09,0.49,8.84,-0.04,-0.02,0.32,0.06,0.03,-0.64,
-1.16,0.72,8.57,-0.04,-0.02,0.32,0.06,0.03,-0.64,
-1.24,0.64,8.41,-0.04,-0.02,0.32,0.06,0.03,-0.64,
-1.24,0.64,8.41,-0.07,0.00,0.34,0.06,0.03,-0.64,
-1.16,0.30,8.68,-0.07,0.00,0.34,0.06,0.03,-0.64,
-1.16,0.30,8.68,-0.06,0.01,0.35,0.06,0.03,-0.64,
-1.31,0.18,8.64,-0.06,0.01,0.35,0.06,0.03,-0.64,
-1.31,0.18,8.64,-0.06,0.02,0.35,0.06,0.03,-0.64,
-1.28,0.45,8.95,-0.06,0.02,0.35,0.06,0.03,-0.64,
-1.20,0.61,9.14,-0.06,0.02,0.35,0.06,0.03,-0.64,
-1.20,0.61,9.14,-0.06,0.02,0.35,0.06,0.03,-0.60,
-1.20,0.61,9.14,-0.07,0.03,0.37,0.06,0.03,-0.60,
-1.47,0.34,9.60,-0.07,0.03,0.37,0.06,0.03,-0.60,
-1.47,0.34,9.60,-0.11,0.03,0.38,0.06,0.03,-0.60,
-1.50,-0.16,9.48,-0.11,0.03,0.38,0.06,0.03,-0.60,
-1.50,-0.16,9.48,-0.09,0.02,0.37,0.06,0.03,-0.60,
-1.54,-0.16,9.37,-0.09,0.02,0.37,0.06,0.03,-0.60,
-1.54,-0.16,9.37,-0.11,0.03,0.37,0.06,0.03,-0.60,
-1.70,-0.58,9.22,-0.11,0.03,0.37,0.06,0.03,-0.60,
-1.58,-0.66,9.18,-0.11,0.03,0.37,0.06,0.03,-0.60,
-1.58,-0.66,9.18,-0.10,0.04,0.36,0.06,0.03,-0.60,
-1.58,-0.66,9.18,-0.09,0.04,0.35,0.06,0.03,-0.60,
-1.58,-0.66,9.18,-0.09,0.04,0.35,0.06,0.03,-0.60,
-1.39,-0.31,8.84,-0.09,0.04,0.35,0.06,0.03,-0.60,
-1.39,-0.31,8.84,-0.08,0.05,0.36,0.06,0.03,-0.60,
-1.24,-0.58,9.03,-0.08,0.05,0.36,0.06,0.03,-0.60,
-1.24,-0.58,9.03,-0.07,0.04,0.34,0.06,0.03,-0.60,
-1.24,-0.58,9.03,-0.08,0.05,0.34,0.06,0.03,-0.60,
-1.28,-0.39,9.37,-0.08,0.05,0.34,0.06,0.03,-0.60,
-1.28,-0.39,9.37,-0.09,0.05,0.34,0.06,0.03,-0.60,
-1.58,-0.27,9.60,-0.09,0.05,0.34,0.06,0.03,-0.60,
-1.58,-0.27,9.60,-0.07,0.04,0.33,0.06,0.03,-0.60,
-1.70,0.41,9.71,-0.07,0.04,0.33,0.06,0.03,-0.60,
-1.62,0.53,9.95,-0.07,0.04,0.33,0.06,0.03,-0.60,
-1.62,0.53,9.95,-0.05,0.04,0.36,0.06,0.03,-0.60,
-1.62,0.53,9.95,-0.06,0.03,0.36,0.06,0.03,-0.60,
-1.62,0.53,9.95,-0.06,0.03,0.36,0.06,0.03,-0.60,
-1.62,0.34,9.87,-0.06,0.03,0.36,0.06,0.03,-0.60,
-1.62,0.34,9.87,-0.04,0.03,0.37,0.06,0.03,-0.60,
-1.62,0.34,9.87,-0.04,0.03,0.37,0.05,0.04,-0.54,
-1.62,0.34,9.87,-0.07,0.01,0.38,0.05,0.04,-0.54,
-1.50,0.18,9.83,-0.07,0.01,0.38,0.05,0.04,-0.54,
-1.50,0.18,9.83,-0.09,0.00,0.38,0.05,0.04,-0.54,
-1.66,-0.31,9.79,-0.09,0.00,0.38,0.05,0.04,-0.54,
-1.66,-0.31,9.79,-0.07,-0.00,0.38,0.05,0.04,-0.54,
-1.66,-0.31,9.79,-0.08,-0.01,0.38,0.05,0.04,-0.54,
-1.66,-0.31,9.79,-0.07,-0.01,0.38,0.05,0.04,-0.54,
-1.85,-0.12,9.75,-0.07,-0.01,0.38,0.05,0.04,-0.54,
-1.85,-0.12,9.75,-0.09,-0.01,0.38,0.05,0.04,-0.54,
-1.89,0.03,9.25,-0.09,-0.01,0.38,0.05,0.04,-0.54,
-1.89,0.03,9.25,-0.08,0.00,0.38,0.05,0.04,-0.54,
-1.50,0.07,9.03,-0.08,0.00,0.38,0.05,0.04,-0.54,
-1.39,-0.08,8.84,-0.08,0.00,0.38,0.05,0.04,-0.54,
-1.39,-0.08,8.84,-0.08,0.00,0.39,0.05,0.04,-0.54,
-1.39,-0.58,8.95,-0.08,0.00,0.39,0.05,0.04,-0.54,
-1.39,-0.58,8.95,-0.06,-0.00,0.38,0.05,0.04,-0.54,
-1.39,-0.58,8.95,-0.05,-0.00,0.38,0.05,0.04,-0.54,
-1.39,-0.58,8.95,-0.05,0.00,0.38,0.05,0.04,-0.54,
-1.50,-0.23,9.10,-0.05,0.00,0.38,0.05,0.04,-0.54,
-1.50,-0.23,9.10,-0.04,0.00,0.39,0.05,0.04,-0.54,
-1.50,-0.23,9.10,-0.04,0.00,0.39,0.05,0.04,-0.49,
-1.50,-0.23,9.10,-0.01,0.01,0.38,0.05,0.04,-0.49,
-1.39,0.61,10.37,-0.01,0.01,0.38,0.05,0.04,-0.49,
-1.39,0.61,10.37,-0.04,-0.01,0.40,0.05,0.04,-0.49,
-1.81,1.45,10.10,-0.04,-0.01,0.40,0.05,0.04,-0.49,
-1.81,1.45,10.37,-0.04,-0.01,0.40,0.05,0.04,-0.49,
-1.81,1.45,10.37,-0.04,-0.01,0.40,0.05,0.04,-0.47,
-1.81,1.45,10.37,-0.11,-0.01,0.44,0.05,0.04,-0.47,
-1.73,0.88,10.02,-0.11,-0.01,0.44,0.05,0.04,-0.47,
-1.73,0.88,10.02,-0.12,-0.03,0.46,0.05,0.04,-0.47,
-1.93,0.26,9.52,-0.12,-0.03,0.46,0.05,0.04,-0.47,
-1.93,0.26,9.52,-0.11,-0.03,0.47,0.05,0.04,-0.47,
-1.66,-0.16,9.41,-0.11,-0.03,0.47,0.05,0.04,-0.47,
-1.66,-0.16,9.41,-0.09,-0.03,0.47,0.05,0.04,-0.47,
-1.62,-0.01,9.22,-0.09,-0.03,0.47,0.05,0.04,-0.47,
-1.54,0.15,9.22,-0.09,-0.03,0.47,0.05,0.04,-0.47,
-1.54,0.15,9.22,-0.09,-0.03,0.47,0.04,0.04,-0.44,
-1.54,0.15,9.22,-0.10,-0.03,0.48,0.04,0.04,-0.44,
-1.58,0.34,8.95,-0.10,-0.03,0.48,0.04,0.04,-0.44,
-1.58,0.34,8.95,-0.08,-0.02,0.50,0.04,0.04,-0.44,
-1.47,0.22,9.03,-0.08,-0.02,0.50,0.04,0.04,-0.44,
-1.47,0.22,9.03,-0.10,-0.02,0.50,0.04,0.04,-0.44,
-1.47,0.22,9.03,-0.08,-0.01,0.51,0.04,0.04,-0.44,
-1.66,0.07,9.33,-0.08,-0.01,0.51,0.04,0.04,-0.44,
-1.66,0.07,9.33,-0.03,-0.02,0.51,0.04,0.04,-0.44,
-1.66,0.07,9.33,-0.03,-0.02,0.51,0.04,0.04,-0.41,
-1.77,0.26,8.95,-0.03,-0.02,0.51,0.04,0.04,-0.41,
-1.77,0.26,8.95,-0.05,-0.00,0.51,0.04,0.04,-0.41,
-1.77,0.26,8.95,-0.03,-0.01,0.53,0.04,0.04,-0.41,
-1.77,0.26,8.95,-0.01,-0.01,0.53,0.04,0.04,-0.41,
-1.77,0.26,8.95,-0.01,-0.01,0.53,0.04,0.04,-0.40,
-1.77,0.26,8.95,0.29,-0.03,0.54,0.04,0.04,-0.40,
-1.77,0.26,8.95,0.49,-0.03,0.54,0.04,0.04,-0.40,
-2.04,0.80,9.87,0.49,-0.03,0.54,0.04,0.04,-0.40,
-2.04,0.84,10.21,0.49,-0.03,0.54,0.04,0.04,-0.40,
-2.00,0.45,10.48,0.49,-0.03,0.54,0.04,0.04,-0.40,
-2.00,0.45,10.48,0.72,-0.03,0.57,0.04,0.04,-0.40,
-2.04,0.57,10.67,0.72,-0.03,0.57,0.04,0.04,-0.40,
-2.04,0.57,10.67,0.79,-0.03,0.58,0.04,0.04,-0.40,
-2.04,0.57,10.67,0.62,-0.02,0.57,0.04,0.04,-0.40,
-2.04,0.57,10.67,0.53,-0.01,0.58,0.04,0.04,-0.40,
-2.04,0.57,10.67,0.70,-0.02,0.58,0.04,0.04,-0.40,
-1.70,0.99,9.87,0.70,-0.02,0.58,0.04,0.04,-0.40,
-1.70,0.99,9.87,0.69,-0.01,0.59,0.04,0.04,-0.40,
-1.47,0.88,9.98,0.69,-0.01,0.59,0.04,0.04,-0.40,
-1.47,0.57,9.68,0.69,-0.01,0.59,0.04,0.04,-0.40,
-1.47,0.57,9.68,0.69,-0.01,0.59,0.10,0.01,-0.33,
-1.47,0.57,9.68,1.38,-0.03,0.58,0.10,0.01,-0.33,
-1.35,1.22,9.18,1.38,-0.03,0.58,0.10,0.01,-0.33,
-1.35,1.22,9.18,1.25,0.01,0.57,0.10,0.01,-0.33,
-1.24,1.18,9.37,1.25,0.01,0.57,0.10,0.01,-0.33,
-1.24,1.18,9.37,1.41,0.02,0.56,0.10,0.01,-0.33,
-1.24,1.18,9.37,1.58,0.03,0.56,0.10,0.01,-0.33,
-1.24,1.49,9.18,1.58,0.03,0.56,0.10,0.01,-0.33,
-1.16,1.91,9.03,1.58,0.03,0.56,0.10,0.01,-0.33,
-1.12,2.06,9.06,1.58,0.03,0.56,0.10,0.01,-0.33,
-1.12,2.06,9.06,1.91,0.06,0.53,0.10,0.01,-0.33,
-1.12,2.06,9.06,2.24,0.06,0.51,0.10,0.01,-0.33,
-1.12,2.06,9.06,2.29,0.07,0.51,0.10,0.01,-0.33,
-1.24,3.02,8.68,2.29,0.07,0.51,0.10,0.01,-0.33,
-1.24,3.02,8.68,2.45,0.09,0.47,0.10,0.01,-0.33,
-1.24,3.02,8.68,2.82,0.09,0.48,0.10,0.01,-0.33,
-1.09,3.21,8.49,2.82,0.09,0.48,0.10,0.01,-0.33,
-1.09,3.21,8.49,3.50,0.09,0.44,0.10,0.01,-0.33,
-1.09,5.93,6.65,3.50,0.09,0.44,0.10,0.01,-0.33,
-1.09,6.20,6.30,3.50,0.09,0.44,0.10,0.01,-0.33,
-1.09,6.20,6.30,2.29,0.17,0.39,0.10,0.01,-0.33,
-0.93,5.47,6.04,2.29,0.17,0.39,0.10,0.01,-0.33,
-0.93,5.47,6.04,2.83,0.17,0.36,0.10,0.01,-0.33,
-1.16,7.31,5.35,2.83,0.17,0.36,0.10,0.01,-0.33,
-1.16,7.31,5.35,2.44,0.20,0.33,0.10,0.01,-0.33,
-1.16,7.31,5.35,2.44,0.22,0.34,0.10,0.01,-0.33,
-0.70,6.16,5.54,2.44,0.22,0.34,0.10,0.01,-0.33,
-0.70,6.16,5.54,3.19,0.20,0.29,0.10,0.01,-0.33,
-0.70,6.16,5.54,3.14,0.21,0.26,0.10,0.01,-0.33,
-0.70,6.16,5.54,2.69,0.23,0.24,0.10,0.01,-0.33,
-0.59,8.88,4.01,2.69,0.23,0.24,0.10,0.01,-0.33,
-0.59,8.88,4.01,1.31,0.29,0.21,0.10,0.01,-0.33,
-0.59,8.88,4.01,1.31,0.29,0.21,0.56,-0.11,-0.19,
-0.59,8.88,4.01,2.77,0.23,0.18,0.56,-0.11,-0.19,
-0.59,8.88,4.01,3.16,0.22,0.17,0.56,-0.11,-0.19,
-0.43,7.92,2.63,3.16,0.22,0.17,0.56,-0.11,-0.19,
-0.43,7.92,2.63,3.20,0.21,0.13,0.56,-0.11,-0.19,
-1.89,10.88,1.75,3.20,0.21,0.13,0.56,-0.11,-0.19,
-1.89,10.88,1.75,-0.35,0.27,0.09,0.56,-0.11,-0.19,
-1.89,10.88,1.75,0.21,0.31,0.04,0.56,-0.11,-0.19,
-1.89,10.88,1.75,-3.04,0.12,-0.01,0.56,-0.11,-0.19,
-1.89,10.88,1.75,-3.04,0.12,-0.01,0.63,-0.12,-0.17,
-1.01,4.82,12.59,-3.04,0.12,-0.01,0.63,-0.12,-0.17,
-1.01,4.82,12.59,1.92,-0.17,-0.01,0.63,-0.12,-0.17,
-1.01,4.82,12.59,0.56,-0.01,0.06,0.63,-0.12,-0.17,
-1.01,4.82,12.59,0.36,-0.00,0.09,0.63,-0.12,-0.17,
-0.28,10.30,-1.32,0.36,-0.00,0.09,0.63,-0.12,-0.17,
-0.28,10.30,-1.32,-0.14,0.03,0.03,0.63,-0.12,-0.17,
-0.51,10.34,3.43,-0.14,0.03,0.03,0.63,-0.12,-0.17,
-0.51,10.34,3.43,-0.08,0.02,0.04,0.63,-0.12,-0.17,
-0.74,9.95,0.29,-0.08,0.02,0.04,0.63,-0.12,-0.17,
-0.74,9.95,0.29,-0.01,0.02,0.01,0.63,-0.12,-0.17,
-0.74,9.95,0.29,0.00,0.01,0.05,0.63,-0.12,-0.17,
-0.74,9.95,0.29,0.08,-0.01,0.03,0.63,-0.12,-0.17,
-0.74,8.42,0.75,0.08,-0.01,0.03,0.63,-0.12,-0.17,
-0.74,8.42,0.75,-0.08,-0.01,-0.00,0.63,-0.12,-0.17,
-0.74,8.42,0.75,-0.08,-0.01,-0.00,0.63,-0.13,-0.18,
-0.74,8.42,0.75,-0.14,0.00,-0.01,0.63,-0.13,-0.18,
-0.24,6.89,1.71,-0.14,0.00,-0.01,0.63,-0.13,-0.18,
-0.24,6.89,1.71,-0.08,-0.00,-0.04,0.63,-0.13,-0.18,
-0.43,6.47,2.90,-0.08,-0.00,-0.04,0.63,-0.13,-0.18,
-0.36,6.58,3.32,-0.08,-0.00,-0.04,0.63,-0.13,-0.18,
-0.36,6.58,3.32,-0.08,-0.00,-0.04,0.63,-0.14,-0.18,
-0.36,6.58,3.32,0.07,-0.06,-0.10,0.63,-0.14,-0.18,
-0.51,7.35,2.78,0.07,-0.06,-0.10,0.63,-0.14,-0.18,
-0.51,7.35,2.78,0.11,-0.08,-0.12,0.63,-0.14,-0.18,
-0.66,7.73,2.29,0.11,-0.08,-0.12,0.63,-0.14,-0.18,
-0.66,7.73,2.29,0.09,-0.09,-0.15,0.63,-0.14,-0.18,
-0.66,7.73,2.29,0.09,-0.09,-0.15,0.63,-0.14,-0.20,
-0.70,8.57,1.67,0.09,-0.09,-0.15,0.63,-0.14,-0.20,
-0.70,8.57,1.67,0.07,-0.09,-0.18,0.63,-0.14,-0.20,
-0.74,9.00,1.59,0.07,-0.09,-0.18,0.63,-0.14,-0.20,
-0.74,9.00,1.59,0.03,-0.10,-0.18,0.63,-0.14,-0.20,
-0.86,8.88,1.75,0.03,-0.10,-0.18,0.63,-0.14,-0.20,
-1.01,9.04,1.86,0.03,-0.10,-0.18,0.63,-0.14,-0.20,
-1.01,9.04,1.86,-0.02,-0.11,-0.19,0.63,-0.14,-0.20,
-1.01,9.04,1.86,-0.04,-0.11,-0.20,0.63,-0.14,-0.20,
-1.01,9.04,1.86,-0.04,-0.12,-0.19,0.63,-0.14,-0.20,
-0.63,9.61,3.05,-0.04,-0.12,-0.19,0.63,-0.14,-0.20,
-0.63,9.61,3.05,0.02,-0.14,-0.18,0.63,-0.14,-0.20,
-0.93,9.91,3.24,0.02,-0.14,-0.18,0.63,-0.14,-0.20,
-0.93,9.91,3.24,0.06,-0.18,-0.16,0.63,-0.14,-0.20,
-1.12,9.91,2.71,0.06,-0.18,-0.16,0.63,-0.14,-0.20,
-1.12,9.91,2.71,0.04,-0.19,-0.16,0.63,-0.14,-0.20,
-1.09,10.41,2.21,0.04,-0.19,-0.16,0.63,-0.14,-0.20,
-0.97,10.53,2.09,0.04,-0.19,-0.16,0.63,-0.14,-0.20,
-0.97,10.53,2.09,-0.01,-0.20,-0.15,0.63,-0.14,-0.20,
-0.97,10.53,2.09,-0.00,-0.21,-0.14,0.63,-0.14,-0.20,
-0.97,10.53,2.09,0.01,-0.21,-0.13,0.63,-0.14,-0.20,
-0.97,10.53,2.09,0.02,-0.23,-0.11,0.63,-0.14,-0.20,
-0.97,10.53,2.09,0.03,-0.23,-0.10,0.63,-0.14,-0.20,
-1.24,9.99,2.82,0.03,-0.23,-0.10,0.63,-0.14,-0.20,
-1.20,10.03,2.97,0.03,-0.23,-0.10,0.63,-0.14,-0.20,
-1.20,10.03,2.97,0.02,-0.26,-0.09,0.63,-0.14,-0.20,
-1.05,9.88,3.13,0.02,-0.26,-0.09,0.63,-0.14,-0.20,
-1.05,9.88,3.13,0.04,-0.30,-0.08,0.63,-0.14,-0.20,
-1.05,9.91,2.55,0.04,-0.30,-0.08,0.63,-0.14,-0.20,
-1.05,9.91,2.55,0.06,-0.32,-0.07,0.63,-0.14,-0.20,
-1.31,9.53,2.21,0.06,-0.32,-0.07,0.63,-0.14,-0.20,
-1.31,9.53,2.21,0.05,-0.33,-0.07,0.63,-0.14,-0.20,
-1.31,9.53,2.21,0.05,-0.33,-0.06,0.63,-0.14,-0.20,
-1.31,9.42,2.44,0.05,-0.33,-0.06,0.63,-0.14,-0.20,
-1.31,9.42,2.44,0.05,-0.35,-0.06,0.63,-0.14,-0.20,
-1.31,9.42,2.44,0.06,-0.36,-0.06,0.63,-0.14,-0.20,
-1.31,9.42,2.44,0.06,-0.37,-0.06,0.63,-0.14,-0.20,
-0.97,9.27,1.71,0.06,-0.37,-0.06,0.63,-0.14,-0.20,
-0.97,9.27,1.71,0.06,-0.37,-0.06,0.63,-0.14,-0.20,
-0.97,9.27,1.71,0.06,-0.37,-0.06,0.63,-0.14,-0.20,
-0.97,9.27,1.71,0.05,-0.38,-0.05,0.63,-0.14,-0.20,
-0.97,9.27,1.71,0.07,-0.38,-0.05,0.63,-0.14,-0.20,
-1.12,9.15,2.25,0.07,-0.38,-0.05,0.63,-0.14,-0.20,
-1.12,9.15,2.25,0.09,-0.39,-0.05,0.63,-0.14,-0.20,
-1.31,9.15,2.21,0.09,-0.39,-0.05,0.63,-0.14,-0.20,
-1.31,9.15,2.21,0.10,-0.41,-0.05,0.63,-0.14,-0.20,
-1.16,9.34,1.44,0.10,-0.41,-0.05,0.63,-0.14,-0.20,
-1.16,9.34,1.44,0.09,-0.41,-0.05,0.63,-0.14,-0.20,
-1.20,9.49,1.10,0.09,-0.41,-0.05,0.63,-0.14,-0.20,
-1.20,9.49,1.10,0.08,-0.41,-0.05,0.63,-0.14,-0.20,
-1.20,9.49,1.10,0.08,-0.41,-0.05,0.60,-0.22,-0.33,
-1.20,9.49,1.10,0.08,-0.42,-0.04,0.60,-0.22,-0.33,
-1.50,9.00,1.06,0.08,-0.42,-0.04,0.60,-0.22,-0.33,
-1.50,9.00,1.06,0.06,-0.41,-0.06,0.60,-0.22,-0.33,
-1.50,9.00,1.06,0.07,-0.41,-0.06,0.60,-0.22,-0.33,
-0.93,9.27,1.02,0.07,-0.41,-0.06,0.60,-0.22,-0.33,
-0.93,9.27,1.02,0.05,-0.42,-0.06,0.60,-0.22,-0.33,
-0.82,9.27,1.86,0.05,-0.42,-0.06,0.60,-0.22,-0.33,
-0.82,9.27,1.86,0.06,-0.42,-0.04,0.60,-0.22,-0.33,
-0.82,9.27,1.86,0.06,-0.42,-0.04,0.60,-0.25,-0.36,
-1.16,9.00,2.86,0.06,-0.42,-0.04,0.60,-0.25,-0.36,
-1.16,9.00,2.86,0.02,-0.45,-0.05,0.60,-0.25,-0.36,
-1.16,9.00,2.86,0.10,-0.47,-0.05,0.60,-0.25,-0.36,
-1.16,9.00,2.86,0.11,-0.47,-0.05,0.60,-0.25,-0.36,
-1.24,9.53,2.05,0.11,-0.47,-0.05,0.60,-0.25,-0.36,
-1.24,9.53,2.05,0.13,-0.49,-0.05,0.60,-0.25,-0.36,
-1.24,9.53,2.05,0.13,-0.49,-0.05,0.59,-0.26,-0.37,
-1.24,9.53,2.05,0.11,-0.49,-0.04,0.59,-0.26,-0.37,
-1.50,9.49,0.87,0.11,-0.49,-0.04,0.59,-0.26,-0.37,
-1.50,9.49,0.87,0.05,-0.48,-0.04,0.59,-0.26,-0.37,
-1.50,9.49,0.87,0.07,-0.48,-0.05,0.59,-0.26,-0.37,
-1.50,9.49,0.87,0.06,-0.48,-0.06,0.59,-0.26,-0.37,
-1.50,9.49,0.87,0.03,-0.48,-0.04,0.59,-0.26,-0.37,
-1.50,9.49,0.87,0.02,-0.48,-0.04,0.59,-0.26,-0.37,
-0.93,8.92,1.94,0.02,-0.48,-0.04,0.59,-0.26,-0.37,
-0.93,8.92,1.94,-0.08,-0.50,-0.05,0.59,-0.26,-0.37,
-1.47,8.30,2.29,-0.08,-0.50,-0.05,0.59,-0.26,-0.37,
-1.47,8.30,2.29,0.13,-0.52,-0.06,0.59,-0.26,-0.37,
-1.39,8.34,1.52,0.13,-0.52,-0.06,0.59,-0.26,-0.37,
-1.39,8.34,1.52,0.10,-0.52,-0.07,0.59,-0.26,-0.37,
-0.78,8.77,1.86,0.10,-0.52,-0.07,0.59,-0.26,-0.37,
-1.24,8.73,1.52,0.10,-0.52,-0.07,0.59,-0.26,-0.37,
-1.50,8.08,1.59,0.10,-0.52,-0.07,0.59,-0.26,-0.37,
-1.50,8.08,1.59,0.18,-0.54,-0.08,0.59,-0.26,-0.37,
-1.50,8.08,1.59,0.06,-0.54,-0.09,0.59,-0.26,-0.37,
-1.50,8.08,1.59,0.12,-0.53,-0.11,0.59,-0.26,-0.37,
-1.50,8.08,1.59,0.08,-0.53,-0.12,0.59,-0.26,-0.37,
-1.47,8.69,0.94,0.08,-0.53,-0.12,0.59,-0.26,-0.37,
-1.47,8.69,0.94,0.10,-0.53,-0.12,0.59,-0.26,-0.37,
-1.47,8.15,1.75,0.10,-0.53,-0.12,0.59,-0.26,-0.37,
-1.47,8.15,1.75,0.11,-0.54,-0.13,0.59,-0.26,-0.37,
-1.47,8.15,1.75,0.09,-0.55,-0.14,0.59,-0.26,-0.37,
-1.47,8.15,1.75,0.13,-0.55,-0.15,0.59,-0.26,-0.37,
-1.05,9.11,0.94,0.13,-0.55,-0.15,0.59,-0.26,-0.37,
-1.05,9.11,0.94,0.12,-0.55,-0.14,0.59,-0.26,-0.37,
-1.47,9.46,0.91,0.12,-0.55,-0.14,0.59,-0.26,-0.37,
-1.47,9.46,0.91,0.09,-0.56,-0.14,0.59,-0.26,-0.37,
-2.00,9.91,1.21,0.09,-0.56,-0.14,0.59,-0.26,-0.37,
-2.00,9.91,1.21,0.07,-0.56,-0.14,0.59,-0.26,-0.37,
-1.77,9.95,1.32,0.07,-0.56,-0.14,0.59,-0.26,-0.37,
-1.77,9.95,1.32,0.09,-0.56,-0.13,0.59,-0.26,-0.37,
-1.81,9.69,1.32,0.09,-0.56,-0.13,0.59,-0.26,-0.37,
-1.54,9.04,1.52,0.09,-0.56,-0.13,0.59,-0.26,-0.37,
-1.73,9.69,1.17,0.09,-0.56,-0.13,0.59,-0.26,-0.37,
-1.73,9.69,1.17,0.14,-0.59,-0.14,0.59,-0.26,-0.37,
-1.73,9.69,1.17,0.14,-0.59,-0.13,0.59,-0.26,-0.37,
-1.73,9.69,1.17,0.14,-0.59,-0.13,0.59,-0.26,-0.37,
-1.73,9.69,1.17,0.09,-0.59,-0.12,0.59,-0.26,-0.37,
-1.73,9.38,0.91,0.09,-0.59,-0.12,0.59,-0.26,-0.37,
-1.73,9.38,0.91,0.09,-0.60,-0.13,0.59,-0.26,-0.37,
-1.50,9.99,0.87,0.09,-0.60,-0.13,0.59,-0.26,-0.37,
-1.50,9.99,0.87,0.09,-0.60,-0.11,0.59,-0.26,-0.37,
-1.50,9.99,0.87,0.08,-0.60,-0.09,0.59,-0.26,-0.37,
-1.50,9.99,0.87,0.08,-0.60,-0.09,0.59,-0.26,-0.37,
-2.16,10.68,0.48,0.08,-0.60,-0.09,0.59,-0.26,-0.37,
-2.16,10.68,0.48,0.05,-0.59,-0.09,0.59,-0.26,-0.37,
-2.16,10.68,0.48,0.06,-0.59,-0.09,0.59,-0.26,-0.37,
-2.04,10.38,1.10,0.06,-0.59,-0.09,0.59,-0.26,-0.37,
-2.04,10.38,1.10,0.06,-0.59,-0.07,0.59,-0.26,-0.37,
-1.77,9.30,1.17,0.06,-0.59,-0.07,0.59,-0.26,-0.37,
-1.77,9.30,1.17,0.08,-0.60,-0.07,0.59,-0.26,-0.37,
-1.12,8.61,1.21,0.08,-0.60,-0.07,0.59,-0.26,-0.37,
-1.12,8.61,1.21,0.11,-0.61,-0.07,0.59,-0.26,-0.37,
-1.12,8.61,1.21,0.16,-0.62,-0.07,0.59,-0.26,-0.37,
-1.12,8.61,1.21,0.14,-0.61,-0.07,0.59,-0.26,-0.37,
-1.12,8.61,1.21,0.15,-0.61,-0.06,0.59,-0.26,-0.37,
-1.12,8.61,1.21,0.14,-0.61,-0.07,0.59,-0.26,-0.37,
-1.62,8.27,0.94,0.14,-0.61,-0.07,0.59,-0.26,-0.37,
-1.62,8.27,0.94,0.13,-0.62,-0.08,0.59,-0.26,-0.37,
-1.93,8.57,0.71,0.13,-0.62,-0.08,0.59,-0.26,-0.37,
-1.93,8.57,0.71,0.14,-0.63,-0.10,0.59,-0.26,-0.37,
-1.93,8.57,0.71,0.15,-0.61,-0.10,0.59,-0.26,-0.37,
-1.93,8.57,0.71,0.14,-0.60,-0.09,0.59,-0.26,-0.37,
-2.12,8.54,-0.66,0.14,-0.60,-0.09,0.59,-0.26,-0.37,
-2.12,8.54,-0.66,0.14,-0.58,-0.12,0.59,-0.26,-0.37,
-1.89,8.46,-0.17,0.14,-0.58,-0.12,0.59,-0.26,-0.37,
-1.89,8.46,-0.17,0.14,-0.57,-0.14,0.59,-0.26,-0.37,
-1.89,8.46,-0.17,0.13,-0.57,-0.14,0.59,-0.26,-0.37,
-1.24,8.34,-0.32,0.13,-0.57,-0.14,0.59,-0.26,-0.37,
-1.24,8.34,-0.32,0.10,-0.56,-0.15,0.59,-0.26,-0.37,
-1.24,8.50,0.29,0.10,-0.56,-0.15,0.59,-0.26,-0.37,
-1.24,8.50,0.29,0.08,-0.55,-0.15,0.59,-0.26,-0.37,
-1.24,8.50,0.29,0.09,-0.55,-0.15,0.59,-0.26,-0.37,
-1.50,8.69,1.17,0.09,-0.55,-0.15,0.59,-0.26,-0.37,
-1.50,8.69,1.17,0.12,-0.56,-0.16,0.59,-0.26,-0.37,
-1.50,8.69,1.17,0.12,-0.57,-0.15,0.59,-0.26,-0.37,
-1.50,8.69,1.17,0.12,-0.57,-0.15,0.59,-0.26,-0.37,
-2.27,9.57,0.98,0.12,-0.57,-0.15,0.59,-0.26,-0.37,
-2.27,9.57,0.98,0.15,-0.58,-0.15,0.59,-0.26,-0.37,
-2.27,9.57,0.98,0.13,-0.58,-0.15,0.59,-0.26,-0.37,
-2.27,9.57,0.98,0.16,-0.58,-0.14,0.59,-0.26,-0.37,
-2.27,9.57,0.98,0.16,-0.59,-0.15,0.59,-0.26,-0.37,
-2.04,9.99,0.52,0.16,-0.59,-0.15,0.59,-0.26,-0.37,
-2.04,9.99,0.52,0.14,-0.59,-0.13,0.59,-0.26,-0.37,
-1.85,9.61,0.37,0.14,-0.59,-0.13,0.59,-0.26,-0.37,
-1.85,9.61,0.37,0.15,-0.60,-0.14,0.59,-0.26,-0.37,
-1.39,10.03,-0.13,0.15,-0.60,-0.14,0.59,-0.26,-0.37,
-1.39,10.03,-0.13,0.14,-0.59,-0.12,0.59,-0.26,-0.37,
-1.39,10.03,-0.13,0.15,-0.59,-0.11,0.59,-0.26,-0.37,
-1.58,10.11,0.21,0.15,-0.59,-0.11,0.59,-0.26,-0.37,
-1.58,10.11,0.21,0.15,-0.59,-0.11,0.46,-0.48,-0.60,
-1.58,10.11,0.21,0.12,-0.58,-0.08,0.46,-0.48,-0.60,
-1.96,10.80,0.14,0.12,-0.58,-0.08,0.46,-0.48,-0.60,
-1.96,10.80,0.14,0.14,-0.59,-0.05,0.46,-0.48,-0.60,
-1.96,10.80,0.14,0.14,-0.59,-0.05,0.45,-0.49,-0.61,
-2.23,10.91,-1.51,0.14,-0.59,-0.05,0.45,-0.49,-0.61,
-2.23,10.91,-1.51,0.15,-0.56,-0.04,0.45,-0.49,-0.61,
-2.04,10.57,-2.27,0.15,-0.56,-0.04,0.45,-0.49,-0.61,
-2.04,10.57,-2.27,0.12,-0.52,-0.01,0.45,-0.49,-0.61,
-2.04,10.57,-2.27,0.11,-0.51,-0.01,0.45,-0.49,-0.61,
-1.81,9.88,-1.93,0.11,-0.51,-0.01,0.45,-0.49,-0.61,
-1.81,9.88,-1.93,0.11,-0.48,-0.01,0.45,-0.49,-0.61,
-1.81,9.88,-1.93,0.14,-0.47,-0.01,0.45,-0.49,-0.61,
-1.81,9.88,-1.93,0.12,-0.46,-0.00,0.45,-0.49,-0.61,
-1.81,9.88,-1.93,0.12,-0.46,-0.00,0.44,-0.51,-0.62,
-1.81,9.88,-1.93,0.08,-0.43,0.00,0.44,-0.51,-0.62,
-1.81,9.88,-1.93,0.10,-0.42,0.01,0.44,-0.51,-0.62,
-1.09,9.72,-2.04,0.10,-0.42,0.01,0.44,-0.51,-0.62,
-1.09,9.72,-2.04,0.02,-0.40,0.02,0.44,-0.51,-0.62,
-1.31,9.80,-2.43,0.02,-0.40,0.02,0.44,-0.51,-0.62,
-1.31,9.80,-2.43,0.09,-0.37,0.03,0.44,-0.51,-0.62,
-1.85,10.41,-3.35,0.09,-0.37,0.03,0.44,-0.51,-0.62,
-1.85,10.41,-3.35,-0.00,-0.30,0.03,0.44,-0.51,-0.62,
-1.85,10.41,-3.35,0.03,-0.29,0.04,0.44,-0.51,-0.62,
-1.62,10.38,-3.00,0.03,-0.29,0.04,0.44,-0.51,-0.62,
-1.62,10.38,-3.00,-0.05,-0.23,0.04,0.44,-0.51,-0.62,
-1.39,10.49,-2.62,-0.05,-0.23,0.04,0.44,-0.51,-0.62,
-1.39,10.49,-2.62,-0.14,-0.20,0.05,0.44,-0.51,-0.62,
-1.39,10.49,-2.62,-0.01,-0.19,0.06,0.44,-0.51,-0.62,
-0.70,9.99,-2.43,-0.01,-0.19,0.06,0.44,-0.51,-0.62,
-0.70,9.99,-2.43,-0.28,-0.14,0.05,0.44,-0.51,-0.62,
-0.70,9.99,-2.43,-0.27,-0.13,0.08,0.44,-0.51,-0.62,
-0.70,9.99,-2.43,-0.28,-0.12,0.08,0.44,-0.51,-0.62,
-0.74,10.45,-2.39,-0.28,-0.12,0.08,0.44,-0.51,-0.62,
-0.74,10.45,-2.39,-0.47,-0.06,0.09,0.44,-0.51,-0.62,
-0.74,10.45,-2.39,-0.47,-0.06,0.09,0.41,-0.52,-0.64,
-0.74,10.45,-2.39,-0.98,-0.03,0.10,0.41,-0.52,-0.64,
-1.39,10.41,-0.59,-0.98,-0.03,0.10,0.41,-0.52,-0.64,
-1.39,10.41,-0.59,-1.09,0.00,0.10,0.41,-0.52,-0.64,
-0.93,10.45,0.64,-1.09,0.00,0.10,0.41,-0.52,-0.64,
-0.93,10.26,0.94,-1.09,0.00,0.10,0.41,-0.52,-0.64,
-1.05,9.91,0.94,-1.09,0.00,0.10,0.41,-0.52,-0.64,
-1.24,9.11,1.06,-1.09,0.00,0.10,0.41,-0.52,-0.64,
-1.24,9.11,1.06,-2.23,0.06,0.08,0.41,-0.52,-0.64,
-0.74,8.46,1.71,-2.23,0.06,0.08,0.41,-0.52,-0.64,
-0.86,7.20,2.55,-2.23,0.06,0.08,0.41,-0.52,-0.64,
-0.86,7.20,2.55,-2.23,0.06,0.08,0.35,-0.43,-0.70,
-0.86,7.20,2.55,-2.11,0.04,0.04,0.35,-0.43,-0.70,
-0.86,7.20,2.55,-1.85,0.04,0.03,0.35,-0.43,-0.70,
-0.86,7.20,2.55,-1.85,0.04,0.03,0.33,-0.40,-0.71,
-0.86,7.20,2.55,-2.56,0.06,0.00,0.33,-0.40,-0.71,
-0.93,7.27,3.36,-2.56,0.06,0.00,0.33,-0.40,-0.71,
-0.93,7.27,3.36,-4.13,0.14,-0.03,0.33,-0.40,-0.71,
-1.16,4.55,4.66,-4.13,0.14,-0.03,0.33,-0.40,-0.71,
-1.16,4.55,4.66,-3.08,0.10,-0.09,0.33,-0.40,-0.71,
-1.16,4.55,4.66,-2.35,0.12,-0.04,0.33,-0.40,-0.71,
-1.12,4.74,5.50,-2.35,0.12,-0.04,0.33,-0.40,-0.71,
-1.12,4.74,5.50,-0.50,0.04,-0.04,0.33,-0.40,-0.71,
-1.12,4.74,5.50,-0.01,0.03,-0.04,0.33,-0.40,-0.71,
-1.12,4.74,5.50,-0.23,0.04,-0.04,0.33,-0.40,-0.71,
-0.86,8.00,5.46,-0.23,0.04,-0.04,0.33,-0.40,-0.71,
-0.86,8.00,5.46,-1.30,0.07,-0.02,0.33,-0.40,-0.71,
-0.86,8.00,5.46,-1.50,0.09,-0.03,0.33,-0.40,-0.71,
-1.89,5.78,7.27,-1.50,0.09,-0.03,0.33,-0.40,-0.71,
-1.89,5.78,7.27,-1.04,0.08,-0.04,0.33,-0.40,-0.71,
-1.24,6.01,7.91,-1.04,0.08,-0.04,0.33,-0.40,-0.71,
-1.24,6.01,7.91,-0.20,0.05,-0.02,0.33,-0.40,-0.71,
-1.28,6.89,7.53,-0.20,0.05,-0.02,0.33,-0.40,-0.71,
-1.28,6.89,7.53,-0.32,0.05,-0.00,0.33,-0.40,-0.71,
-1.28,6.89,7.53,-0.88,0.06,0.00,0.33,-0.40,-0.71,
-0.97,6.62,7.49,-0.88,0.06,0.00,0.33,-0.40,-0.71,
-0.97,6.62,7.49,-1.33,0.07,0.01,0.33,-0.40,-0.71,
-0.97,6.62,7.49,-1.28,0.06,0.01,0.33,-0.40,-0.71,
-0.97,6.62,7.49,-1.09,0.05,0.01,0.33,-0.40,-0.71,
-0.97,6.62,7.49,-0.87,0.04,0.02,0.33,-0.40,-0.71,
-1.20,5.05,8.49,-0.87,0.04,0.02,0.33,-0.40,-0.71,
-1.20,5.05,8.49,-0.25,0.01,0.02,0.33,-0.40,-0.71,
-1.20,5.05,8.49,-0.57,0.03,0.01,0.33,-0.40,-0.71,
-1.20,5.05,8.49,-0.95,0.03,0.01,0.33,-0.40,-0.71,
-1.35,6.16,7.88,-0.95,0.03,0.01,0.33,-0.40,-0.71,
-1.35,6.16,7.88,-1.94,0.05,0.02,0.33,-0.40,-0.71,
-0.97,5.01,8.07,-1.94,0.05,0.02,0.33,-0.40,-0.71,
-0.97,5.01,8.07,-1.85,0.06,0.03,0.33,-0.40,-0.71,
-0.97,5.01,8.07,-1.70,0.04,0.03,0.33,-0.40,-0.71,
-1.24,4.25,7.80,-1.70,0.04,0.03,0.33,-0.40,-0.71,
-1.24,4.25,7.80,-1.82,0.05,0.04,0.33,-0.40,-0.71,
-1.16,3.86,7.84,-1.82,0.05,0.04,0.33,-0.40,-0.71,
-1.16,3.86,7.84,-2.31,0.07,0.05,0.33,-0.40,-0.71,
-1.16,3.86,7.84,-2.33,0.07,0.05,0.33,-0.40,-0.71,
-0.97,3.02,7.76,-2.33,0.07,0.05,0.33,-0.40,-0.71,
-0.97,3.02,7.76,-2.03,0.08,0.07,0.33,-0.40,-0.71,
-0.97,3.02,7.76,-1.84,0.07,0.07,0.33,-0.40,-0.71,
-1.16,2.18,7.61,-1.84,0.07,0.07,0.33,-0.40,-0.71,
-1.16,2.18,7.61,-1.49,0.09,0.08,0.33,-0.40,-0.71,
-1.16,2.18,7.61,-1.52,0.09,0.10,0.33,-0.40,-0.71,
-1.16,2.18,7.61,-1.59,0.09,0.10,0.33,-0.40,-0.71,
-1.16,2.18,7.61,-1.65,0.10,0.11,0.33,-0.40,-0.71,
-1.16,2.18,7.61,-1.71,0.09,0.11,0.33,-0.40,-0.71,
-0.24,-2.11,10.98,-1.71,0.09,0.11,0.33,-0.40,-0.71,
-0.24,-2.11,10.98,0.24,0.04,0.14,0.33,-0.40,-0.71,
-1.31,0.49,10.10,0.24,0.04,0.14,0.33,-0.40,-0.71,
-1.31,0.49,10.10,-0.05,0.04,0.15,0.33,-0.40,-0.71,
-1.85,1.76,9.56,-0.05,0.04,0.15,0.33,-0.40,-0.71,
-1.85,1.76,9.56,-0.00,0.03,0.16,0.33,-0.40,-0.71,
-1.85,1.76,9.56,-0.02,0.04,0.15,0.33,-0.40,-0.71,
-1.31,0.88,10.29,-0.02,0.04,0.15,0.33,-0.40,-0.71,
-1.12,1.14,10.29,-0.02,0.04,0.15,0.33,-0.40,-0.71,
-1.12,1.14,10.29,-0.02,0.02,0.16,0.33,-0.40,-0.71,
-1.43,1.37,10.18,-0.02,0.02,0.16,0.33,-0.40,-0.71,
-1.43,1.37,10.18,-0.05,0.02,0.18,0.33,-0.40,-0.71,
-0.97,0.95,10.25,-0.05,0.02,0.18,0.33,-0.40,-0.71,
-0.97,0.95,10.25,-0.03,-0.01,0.19,0.33,-0.40,-0.71,
-1.28,1.14,9.98,-0.03,-0.01,0.19,0.33,-0.40,-0.71,
-1.28,1.45,9.75,-0.03,-0.01,0.19,0.33,-0.40,-0.71,
-1.28,1.45,9.75,-0.05,-0.01,0.21,0.33,-0.40,-0.71,
-1.28,1.45,9.75,-0.03,-0.00,0.22,0.33,-0.40,-0.71,
-1.28,1.45,9.75,-0.06,-0.01,0.23,0.33,-0.40,-0.71,
-1.28,1.45,9.75,-0.06,-0.01,0.23,0.07,0.03,-0.76,
-1.28,1.45,9.75,-0.07,-0.00,0.25,0.07,0.03,-0.76,
-1.28,1.45,9.75,-0.03,-0.01,0.26,0.07,0.03,-0.76,
-1.35,1.45,9.25,-0.03,-0.01,0.26,0.07,0.03,-0.76,
-1.35,1.45,9.25,-0.02,-0.01,0.27,0.07,0.03,-0.76,
-1.58,1.72,8.49,-0.02,-0.01,0.27,0.07,0.03,-0.76,
-1.58,1.72,8.49,-0.07,0.01,0.29,0.07,0.03,-0.76,
-1.28,1.49,8.68,-0.07,0.01,0.29,0.07,0.03,-0.76,
-1.28,1.49,8.68,-0.07,0.02,0.30,0.07,0.03,-0.76,
-1.28,1.49,8.68,-0.06,0.02,0.31,0.07,0.03,-0.76,
-1.47,1.68,8.61,-0.06,0.02,0.31,0.07,0.03,-0.76,
-1.47,1.68,8.61,-0.08,0.03,0.33,0.07,0.03,-0.76,
-1.58,1.14,8.84,-0.08,0.03,0.33,0.07,0.03,-0.76,
-1.58,1.14,8.84,-0.10,0.04,0.35,0.07,0.03,-0.76,
-1.58,1.14,8.84,-0.09,0.04,0.35,0.07,0.03,-0.76,
-1.39,0.45,8.95,-0.09,0.04,0.35,0.07,0.03,-0.76,
-1.39,0.45,8.95,-0.07,0.05,0.35,0.07,0.03,-0.76,
-1.39,0.45,8.95,-0.07,0.06,0.35,0.07,0.03,-0.76,
-1.39,0.45,8.95,-0.07,0.06,0.36,0.07,0.03,-0.76,
-1.58,0.57,8.68,-0.07,0.06,0.36,0.07,0.03,-0.76,
-1.58,0.57,8.68,-0.07,0.07,0.36,0.07,0.03,-0.76,
-1.58,0.57,8.68,-0.07,0.07,0.36,0.08,0.03,-0.72,
-1.58,0.57,8.68,-0.05,0.07,0.36,0.08,0.03,-0.72,
-1.43,0.68,8.72,-0.05,0.07,0.36,0.08,0.03,-0.72,
-1.43,0.68,8.72,-0.08,0.08,0.37,0.08,0.03,-0.72,
-1.66,0.61,8.80,-0.08,0.08,0.37,0.08,0.03,-0.72,
-1.58,0.41,9.06,-0.08,0.08,0.37,0.08,0.03,-0.72,
-1.58,0.41,9.06,-0.08,0.08,0.37,0.08,0.02,-0.71,
-1.58,0.41,9.06,-0.08,0.10,0.37,0.08,0.02,-0.71,
-1.81,0.38,9.25,-0.08,0.10,0.37,0.08,0.02,-0.71,
-1.81,0.38,9.25,-0.08,0.10,0.38,0.08,0.02,-0.71,
-1.73,0.07,9.48,-0.08,0.10,0.38,0.08,0.02,-0.71,
-1.73,0.07,9.48,-0.08,0.09,0.37,0.08,0.02,-0.71,
-1.93,-0.04,9.37,-0.08,0.09,0.37,0.08,0.02,-0.71,
-1.93,-0.04,9.37,-0.07,0.10,0.37,0.08,0.02,-0.71,
-1.93,-0.04,9.37,-0.06,0.10,0.37,0.08,0.02,-0.71,
-1.85,-0.01,9.48,-0.06,0.10,0.37,0.08,0.02,-0.71,
-1.85,-0.01,9.48,-0.04,0.10,0.37,0.08,0.02,-0.71,
-1.85,-0.01,9.48,-0.05,0.09,0.37,0.08,0.02,-0.71,
-1.85,-0.01,9.48,-0.06,0.09,0.37,0.08,0.02,-0.71,
-1.66,-0.27,9.68,-0.06,0.09,0.37,0.08,0.02,-0.71,
-1.66,-0.27,9.68,-0.07,0.09,0.36,0.08,0.02,-0.71,
-1.54,0.22,10.06,-0.07,0.09,0.36,0.08,0.02,-0.71,
-1.54,0.22,10.06,-0.08,0.07,0.35,0.08,0.02,-0.71,
-1.54,0.22,10.06,-0.10,0.07,0.36,0.08,0.02,-0.71,
-2.08,0.34,10.18,-0.10,0.07,0.36,0.08,0.02,-0.71,
-2.08,0.34,10.18,-0.10,0.06,0.36,0.08,0.02,-0.71,
-2.23,-0.27,10.48,-0.10,0.06,0.36,0.08,0.02,-0.71,
-2.23,-0.27,10.48,-0.09,0.05,0.36,0.08,0.02,-0.71,
-1.93,-0.50,10.79,-0.09,0.05,0.36,0.08,0.02,-0.71,
-1.77,-0.23,10.79,-0.09,0.05,0.36,0.08,0.02,-0.71,
-1.77,-0.23,10.79,-0.09,0.05,0.36,0.09,0.03,-0.66,
-1.77,-0.23,10.79,-0.07,0.01,0.35,0.09,0.03,-0.66,
-1.93,0.15,10.06,-0.07,0.01,0.35,0.09,0.03,-0.66,
-1.93,0.15,10.06,-0.07,-0.00,0.35,0.09,0.03,-0.66,
-1.73,0.68,9.95,-0.07,-0.00,0.35,0.09,0.03,-0.66,
-1.73,0.68,9.95,-0.06,-0.01,0.35,0.09,0.03,-0.66,
-1.73,0.68,9.95,-0.06,-0.01,0.35,0.09,0.03,-0.65,
-1.77,0.99,9.79,-0.06,-0.01,0.35,0.09,0.03,-0.65,
-1.77,0.99,9.79,-0.10,-0.02,0.38,0.09,0.03,-0.65,
-1.85,0.34,9.64,-0.10,-0.02,0.38,0.09,0.03,-0.65,
-1.85,0.34,9.64,-0.10,-0.02,0.38,0.09,0.03,-0.65,
-1.85,0.34,9.64,-0.11,-0.03,0.38,0.09,0.03,-0.65,
-1.85,0.26,9.37,-0.11,-0.03,0.38,0.09,0.03,-0.65,
-1.85,0.26,9.37,-0.11,-0.03,0.38,0.09,0.03,-0.65,
-1.85,0.26,9.37,-0.10,-0.03,0.38,0.09,0.03,-0.65,
-1.85,0.26,9.37,-0.10,-0.03,0.38,0.09,0.03,-0.65,
-1.73,0.03,9.22,-0.10,-0.03,0.38,0.09,0.03,-0.65,
-1.73,0.03,9.22,-0.09,-0.03,0.38,0.09,0.03,-0.65,
-1.73,0.03,9.22,-0.10,-0.03,0.38,0.09,0.03,-0.65,
-1.73,0.03,9.22,-0.08,-0.02,0.39,0.09,0.03,-0.65,
-1.73,0.03,9.22,-0.09,-0.01,0.38,0.09,0.03,-0.65,
-1.73,0.03,9.22,-0.09,-0.01,0.38,0.09,0.03,-0.65,
-1.70,-0.01,8.80,-0.09,-0.01,0.38,0.09,0.03,-0.65,
-1.70,-0.01,8.80,-0.10,-0.00,0.38,0.09,0.03,-0.65,
-1.70,-0.01,8.80,-0.10,-0.00,0.38,0.08,0.03,-0.61,
-1.70,-0.01,8.80,-0.10,0.01,0.38,0.08,0.03,-0.61,
-1.62,0.38,8.72,-0.10,0.01,0.38,0.08,0.03,-0.61,
-1.62,0.38,8.72,-0.10,0.01,0.39,0.08,0.03,-0.61,
-1.62,0.34,8.91,-0.10,0.01,0.39,0.08,0.03,-0.61,
-1.77,0.22,9.22,-0.10,0.01,0.39,0.08,0.03,-0.61,
-1.77,0.22,9.22,-0.10,0.01,0.39,0.08,0.04,-0.59,
-1.77,0.22,9.22,-0.10,0.02,0.39,0.08,0.04,-0.59,
-1.96,0.49,9.41,-0.10,0.02,0.39,0.08,0.04,-0.59,
-1.96,0.49,9.41,-0.10,0.02,0.40,0.08,0.04,-0.59,
-1.93,0.38,9.45,-0.10,0.02,0.40,0.08,0.04,-0.59,
-1.93,0.38,9.45,-0.09,0.02,0.41,0.08,0.04,-0.59,
-1.70,0.15,9.75,-0.09,0.02,0.41,0.08,0.04,-0.59,
-1.70,0.15,9.75,-0.08,0.01,0.42,0.08,0.04,-0.59,
-1.70,0.15,9.75,-0.08,0.01,0.43,0.08,0.04,-0.59,
-1.85,0.11,9.60,-0.08,0.01,0.43,0.08,0.04,-0.59,
-1.85,0.11,9.60,-0.08,0.01,0.43,0.07,0.04,-0.57,
-1.85,0.11,9.60,-0.07,0.00,0.43,0.07,0.04,-0.57,
-1.77,0.76,9.56,-0.07,0.00,0.43,0.07,0.04,-0.57,
-1.77,0.76,9.56,-0.08,0.01,0.44,0.07,0.04,-0.57,
-1.85,0.91,9.45,-0.08,0.01,0.44,0.07,0.04,-0.57,
-1.85,0.91,9.45,-0.12,0.00,0.45,0.07,0.04,-0.57,
-2.08,0.80,8.99,-0.12,0.00,0.45,0.07,0.04,-0.57,
-2.00,0.38,9.10,-0.12,0.00,0.45,0.07,0.04,-0.57,
-2.00,0.38,9.10,-0.12,0.02,0.46,0.07,0.04,-0.57,
-2.00,0.38,9.10,-0.12,0.01,0.47,0.07,0.04,-0.57,
-1.73,-0.01,8.80,-0.12,0.01,0.47,0.07,0.04,-0.57,
-1.73,-0.01,8.80,-0.10,0.01,0.47,0.07,0.04,-0.57,
-1.73,-0.01,8.80,-0.08,0.01,0.47,0.07,0.04,-0.57,
-1.73,-0.01,8.80,-0.06,0.01,0.47,0.07,0.04,-0.57,
-1.73,-0.50,8.57,-0.06,0.01,0.47,0.07,0.04,-0.57,
-1.73,-0.50,8.57,-0.02,0.02,0.46,0.07,0.04,-0.57,
-1.73,-0.50,8.57,-0.02,0.02,0.46,0.07,0.04,-0.53,
-1.73,-0.50,8.57,-0.06,0.02,0.46,0.07,0.04,-0.53,
-1.62,0.11,9.48,-0.06,0.02,0.46,0.07,0.04,-0.53,
-1.62,0.11,9.48,-0.11,0.03,0.45,0.07,0.04,-0.53,
-1.96,0.95,9.37,-0.11,0.03,0.45,0.07,0.04,-0.53,
-1.96,0.95,9.37,-0.15,0.04,0.46,0.07,0.04,-0.53,
-1.96,0.95,9.37,-0.15,0.04,0.46,0.06,0.05,-0.51,
-1.89,-0.23,9.14,-0.15,0.04,0.46,0.06,0.05,-0.51,
-1.89,-0.23,9.14,-0.14,0.04,0.47,0.06,0.05,-0.51,
-1.89,-0.23,9.14,-0.10,0.03,0.47,0.06,0.05,-0.51,
-1.89,-0.23,9.14,-0.11,0.03,0.46,0.06,0.05,-0.51,
-1.73,-1.27,9.33,-0.11,0.03,0.46,0.06,0.05,-0.51,
-1.73,-1.27,9.33,-0.09,0.03,0.44,0.06,0.05,-0.51,
-1.73,-1.27,9.33,-0.09,0.03,0.44,0.06,0.05,-0.49,
-1.73,-1.27,9.33,-0.08,0.03,0.44,0.06,0.05,-0.49,
-2.00,0.18,9.68,-0.08,0.03,0.44,0.06,0.05,-0.49,
-2.00,0.18,9.68,-0.10,0.02,0.45,0.06,0.05,-0.49,
-1.96,0.45,9.83,-0.10,0.02,0.45,0.06,0.05,-0.49,
-2.00,0.45,10.14,-0.10,0.02,0.45,0.06,0.05,-0.49,
-2.00,0.45,10.14,-0.10,0.02,0.45,0.06,0.05,-0.47,
-2.00,0.45,10.14,-0.12,0.00,0.46,0.06,0.05,-0.47,
-2.16,0.53,9.75,-0.12,0.00,0.46,0.06,0.05,-0.47,
-2.16,0.53,9.75,-0.13,0.00,0.47,0.06,0.05,-0.47,
-2.23,0.34,9.75,-0.13,0.00,0.47,0.06,0.05,-0.47,
-2.23,0.34,9.75,-0.15,-0.01,0.48,0.06,0.05,-0.47,
-2.23,0.34,9.75,-0.15,-0.01,0.48,0.05,0.05,-0.45,
-1.89,-0.20,9.75,-0.15,-0.01,0.48,0.05,0.05,-0.45,
-1.89,-0.20,9.75,-0.12,-0.02,0.49,0.05,0.05,-0.45,
-2.04,-0.20,9.45,-0.12,-0.02,0.49,0.05,0.05,-0.45,
-2.04,-0.20,9.45,-0.13,-0.02,0.49,0.05,0.05,-0.45,
-1.93,-0.39,9.37,-0.13,-0.02,0.49,0.05,0.05,-0.45,
-1.96,-0.43,9.37,-0.13,-0.02,0.49,0.05,0.05,-0.45,
-1.96,-0.43,9.37,-0.13,-0.02,0.49,0.05,0.06,-0.43,
-1.96,-0.43,9.37,-0.13,-0.02,0.48,0.05,0.06,-0.43,
-1.93,-0.66,9.56,-0.13,-0.02,0.48,0.05,0.06,-0.43,
-1.93,-0.66,9.56,-0.13,-0.03,0.48,0.05,0.06,-0.43,
-1.93,-0.66,9.56,-0.13,-0.03,0.48,0.05,0.06,-0.43,
-1.96,-0.54,9.64,-0.13,-0.03,0.48,0.05,0.06,-0.43,
-1.96,-0.54,9.64,-0.13,-0.03,0.48,0.05,0.06,-0.43,
-2.12,-0.39,9.48,-0.13,-0.03,0.48,0.05,0.06,-0.43,
-2.12,-0.39,9.48,-0.12,-0.03,0.47,0.05,0.06,-0.43,
-2.12,-0.39,9.48,-0.13,-0.03,0.47,0.05,0.06,-0.43,
-2.12,-0.39,9.48,-0.13,-0.03,0.48,0.05,0.06,-0.43,
-1.89,-0.08,9.48,-0.13,-0.03,0.48,0.05,0.06,-0.43,
-1.89,-0.08,9.48,-0.13,-0.04,0.48,0.05,0.06,-0.43,
-1.81,-0.39,9.18,-0.13,-0.04,0.48,0.05,0.06,-0.43,
-1.81,-0.43,9.06,-0.13,-0.04,0.48,0.05,0.06,-0.43,
-1.81,-0.43,9.06,-0.13,-0.04,0.48,0.05,0.06,-0.43,
-1.85,-0.89,9.25,-0.13,-0.04,0.48,0.05,0.06,-0.43,
-1.85,-0.89,9.25,-0.11,-0.04,0.47,0.05,0.06,-0.43,
-2.00,-0.85,9.18,-0.11,-0.04,0.47,0.05,0.06,-0.43,
-2.00,-0.85,9.18,-0.11,-0.04,0.47,0.05,0.06,-0.43,
-2.00,-0.85,9.18,-0.05,-0.04,0.46,0.05,0.06,-0.43,
-2.00,-0.85,9.18,-0.00,-0.05,0.46,0.05,0.06,-0.43,
-2.00,-0.85,9.18,-0.00,-0.05,0.46,0.03,0.06,-0.34,
-1.93,-0.73,9.75,-0.00,-0.05,0.46,0.03,0.06,-0.34,
-1.93,-0.73,9.75,0.00,-0.05,0.45,0.03,0.06,-0.34,
-1.93,-0.73,9.75,-0.02,-0.05,0.45,0.03,0.06,-0.34,
-1.93,-0.73,9.75,-0.02,-0.05,0.46,0.03,0.06,-0.34,
-2.08,-0.39,9.91,-0.02,-0.05,0.46,0.03,0.06,-0.34,
-2.08,-0.39,9.91,0.02,-0.06,0.46,0.03,0.06,-0.34,
-2.20,-0.77,9.79,0.02,-0.06,0.46,0.03,0.06,-0.34,
-2.20,-0.77,9.79,0.07,-0.06,0.45,0.03,0.06,-0.34,
-2.20,-0.77,9.79,0.08,-0.07,0.45,0.03,0.06,-0.34,
-1.93,-1.20,9.91,0.08,-0.07,0.45,0.03,0.06,-0.34,
-1.93,-1.20,9.91,0.43,-0.08,0.45,0.03,0.06,-0.34,
-2.20,-1.12,9.87,0.43,-0.08,0.45,0.03,0.06,-0.34,
-2.20,-1.12,9.87,0.73,-0.09,0.43,0.03,0.06,-0.34,
-2.20,-1.12,9.87,0.73,-0.09,0.43,0.05,0.05,-0.30,
-1.66,0.11,9.83,0.73,-0.09,0.43,0.05,0.05,-0.30,
-1.66,0.11,9.83,0.55,-0.07,0.42,0.05,0.05,-0.30,
-1.66,0.11,9.83,0.57,-0.08,0.43,0.05,0.05,-0.30,
-1.66,0.11,9.83,0.47,-0.07,0.42,0.05,0.05,-0.30,
-1.50,0.22,9.56,0.47,-0.07,0.42,0.05,0.05,-0.30,
-1.50,0.22,9.56,0.54,-0.07,0.42,0.05,0.05,-0.30,
-1.50,0.22,9.56,0.67,-0.07,0.42,0.05,0.05,-0.30,
-1.47,0.26,9.33,0.67,-0.07,0.42,0.05,0.05,-0.30,
-1.47,0.26,9.33,0.78,-0.06,0.41,0.05,0.05,-0.30,
-1.47,0.26,9.33,0.78,-0.06,0.41,0.09,0.03,-0.27,
-1.47,0.26,9.33,0.49,-0.05,0.41,0.09,0.03,-0.27,
-1.31,0.18,9.33,0.49,-0.05,0.41,0.09,0.03,-0.27,
-1.31,0.18,9.33,0.98,-0.05,0.41,0.09,0.03,-0.27,
-1.54,0.72,9.06,0.98,-0.05,0.41,0.09,0.03,-0.27,
-1.54,0.72,9.06,1.02,-0.04,0.40,0.09,0.03,-0.27,
-1.28,1.34,8.72,1.02,-0.04,0.40,0.09,0.03,-0.27,
-1.24,1.30,8.61,1.02,-0.04,0.40,0.09,0.03,-0.27,
-1.24,1.30,8.61,1.02,-0.04,0.40,0.14,0.01,-0.24,
-1.24,1.30,8.61,0.78,0.02,0.39,0.14,0.01,-0.24,
-1.24,1.30,8.61,0.79,0.01,0.39,0.14,0.01,-0.24,
-1.12,0.49,8.84,0.79,0.01,0.39,0.14,0.01,-0.24,
-1.12,0.49,8.84,1.38,0.01,0.38,0.14,0.01,-0.24,
-0.82,0.99,8.64,1.38,0.01,0.38,0.14,0.01,-0.24,
-0.82,0.99,8.64,1.09,0.03,0.32,0.14,0.01,-0.24,
-0.93,2.10,8.07,1.09,0.03,0.32,0.14,0.01,-0.24,
-0.93,2.10,8.07,1.29,0.05,0.33,0.14,0.01,-0.24,
-1.01,1.30,8.57,1.29,0.05,0.33,0.14,0.01,-0.24,
-1.16,1.07,8.84,1.29,0.05,0.33,0.14,0.01,-0.24,
-1.16,1.07,8.84,1.29,0.05,0.33,0.23,-0.01,-0.22,
-1.16,1.07,8.84,2.47,0.04,0.28,0.23,-0.01,-0.22,
-1.16,1.07,8.84,2.35,0.05,0.27,0.23,-0.01,-0.22,
-1.39,2.95,8.26,2.35,0.05,0.27,0.23,-0.01,-0.22,
-1.39,2.95,8.26,2.03,0.07,0.23,0.23,-0.01,-0.22,
-1.24,3.71,8.14,2.03,0.07,0.23,0.23,-0.01,-0.22,
-1.24,3.71,8.14,1.88,0.08,0.20,0.23,-0.01,-0.22,
-1.01,3.75,8.38,1.88,0.08,0.20,0.23,-0.01,-0.22,
-1.01,3.75,8.38,2.15,0.06,0.18,0.23,-0.01,-0.22,
-1.01,3.75,8.38,2.57,0.04,0.17,0.23,-0.01,-0.22,
-0.86,3.63,8.87,2.57,0.04,0.17,0.23,-0.01,-0.22,
-0.86,3.63,8.87,3.58,-0.02,0.14,0.23,-0.01,-0.22,
-1.09,7.08,6.80,3.58,-0.02,0.14,0.23,-0.01,-0.22,
-1.09,7.08,6.80,2.61,0.00,0.09,0.23,-0.01,-0.22,
-1.09,7.08,6.80,1.75,0.02,0.09,0.23,-0.01,-0.22,
-0.70,6.43,6.80,1.75,0.02,0.09,0.23,-0.01,-0.22,
-0.32,6.16,7.11,1.75,0.02,0.09,0.23,-0.01,-0.22,
-0.32,6.16,7.11,3.17,-0.07,0.07,0.23,-0.01,-0.22,
-0.36,7.39,5.08,3.17,-0.07,0.07,0.23,-0.01,-0.22,
-0.36,7.39,5.08,3.71,-0.10,0.06,0.23,-0.01,-0.22,
-1.01,6.66,5.58,3.71,-0.10,0.06,0.23,-0.01,-0.22,
-0.78,7.20,5.12,3.71,-0.10,0.06,0.23,-0.01,-0.22,
-0.78,7.20,5.12,3.05,-0.15,0.02,0.23,-0.01,-0.22,
-1.09,8.27,1.17,3.05,-0.15,0.02,0.23,-0.01,-0.22,
-1.09,8.27,1.17,2.25,-0.08,-0.01,0.23,-0.01,-0.22,
-1.09,8.27,1.17,2.25,-0.08,-0.01,0.63,-0.11,-0.18,
-2.46,8.77,1.02,2.25,-0.08,-0.01,0.63,-0.11,-0.18,
-2.46,8.77,1.02,-0.18,-0.08,-0.04,0.63,-0.11,-0.18,
-2.46,8.77,1.02,0.45,-0.04,-0.07,0.63,-0.11,-0.18,
-2.46,8.77,1.02,0.10,-0.04,-0.08,0.63,-0.11,-0.18,
-1.01,9.11,3.82,0.10,-0.04,-0.08,0.63,-0.11,-0.18,
-1.01,9.11,3.82,0.25,-0.07,-0.06,0.63,-0.11,-0.18,
-1.01,9.11,3.82,0.25,-0.07,-0.06,0.64,-0.11,-0.18,
-1.01,9.11,3.82,0.08,-0.07,-0.09,0.64,-0.11,-0.18,
-0.74,9.46,0.87,0.08,-0.07,-0.09,0.64,-0.11,-0.18,
-0.74,9.46,0.87,0.03,-0.08,-0.08,0.64,-0.11,-0.18,
-0.74,9.46,0.87,0.03,-0.08,-0.08,0.64,-0.11,-0.19,
-0.78,9.19,1.02,0.03,-0.08,-0.08,0.64,-0.11,-0.19,
-0.78,9.19,1.02,-0.04,-0.06,-0.09,0.64,-0.11,-0.19,
-0.78,8.50,2.02,-0.04,-0.06,-0.09,0.64,-0.11,-0.19,
-0.78,8.50,2.02,0.00,-0.07,-0.11,0.64,-0.11,-0.19,
-1.01,8.30,2.59,0.00,-0.07,-0.11,0.64,-0.11,-0.19,
-0.78,8.30,2.78,0.00,-0.07,-0.11,0.64,-0.11,-0.19,
-0.78,8.30,2.78,0.00,-0.07,-0.11,0.64,-0.12,-0.21,
-0.78,8.30,2.78,-0.00,-0.12,-0.13,0.64,-0.12,-0.21,
-1.01,8.04,3.63,-0.00,-0.12,-0.13,0.64,-0.12,-0.21,
-1.01,8.04,3.63,0.03,-0.16,-0.14,0.64,-0.12,-0.21,
-1.39,8.27,3.16,0.03,-0.16,-0.14,0.64,-0.12,-0.21,
-1.39,8.27,3.16,0.03,-0.18,-0.15,0.64,-0.12,-0.21,
-1.28,8.46,3.05,0.03,-0.18,-0.15,0.64,-0.12,-0.21,
-1.20,8.65,3.09,0.03,-0.18,-0.15,0.64,-0.12,-0.21,
-1.20,8.65,3.09,0.05,-0.21,-0.17,0.64,-0.12,-0.21,
-1.20,8.65,3.09,0.04,-0.23,-0.17,0.64,-0.12,-0.21,
-1.20,8.65,3.09,0.06,-0.24,-0.17,0.64,-0.12,-0.21,
-1.43,9.42,2.63,0.06,-0.24,-0.17,0.64,-0.12,-0.21,
-1.43,9.42,2.63,0.06,-0.26,-0.17,0.64,-0.12,-0.21,
-1.43,9.42,2.63,0.06,-0.26,-0.17,0.63,-0.15,-0.26,
-1.43,9.42,2.63,0.06,-0.28,-0.17,0.63,-0.15,-0.26,
-1.28,10.11,2.63,0.06,-0.28,-0.17,0.63,-0.15,-0.26,
-1.28,10.11,2.63,0.08,-0.30,-0.14,0.63,-0.15,-0.26,
-1.66,10.07,2.74,0.08,-0.30,-0.14,0.63,-0.15,-0.26,
-1.66,10.07,2.74,0.08,-0.33,-0.14,0.63,-0.15,-0.26,
-1.66,10.07,2.74,0.08,-0.34,-0.13,0.63,-0.15,-0.26,
-1.66,10.07,2.74,0.07,-0.35,-0.13,0.63,-0.15,-0.26,
-1.58,10.22,2.86,0.07,-0.35,-0.13,0.63,-0.15,-0.26,
-1.58,10.22,2.86,0.07,-0.37,-0.12,0.63,-0.15,-0.26,
-1.62,10.07,2.93,0.07,-0.37,-0.12,0.63,-0.15,-0.26,
-1.62,10.07,2.93,0.08,-0.39,-0.10,0.63,-0.15,-0.26,
-1.70,9.80,2.59,0.08,-0.39,-0.10,0.63,-0.15,-0.26,
-1.70,9.80,2.59,0.08,-0.42,-0.09,0.63,-0.15,-0.26,
-1.70,9.80,2.59,0.08,-0.42,-0.09,0.63,-0.16,-0.29,
-1.73,9.69,2.74,0.08,-0.42,-0.09,0.63,-0.16,-0.29,
-1.73,9.69,2.74,0.08,-0.45,-0.08,0.63,-0.16,-0.29,
-1.73,9.69,2.74,0.09,-0.46,-0.08,0.63,-0.16,-0.29,
-1.73,9.69,2.74,0.09,-0.47,-0.08,0.63,-0.16,-0.29,
-1.66,9.07,3.13,0.09,-0.47,-0.08,0.63,-0.16,-0.29,
-1.66,9.07,3.13,0.12,-0.51,-0.08,0.63,-0.16,-0.29,
-1.93,9.00,2.40,0.12,-0.51,-0.08,0.63,-0.16,-0.29,
-1.93,9.00,2.40,0.13,-0.52,-0.08,0.63,-0.16,-0.29,
-1.85,8.69,1.98,0.13,-0.52,-0.08,0.63,-0.16,-0.29,
-2.00,8.96,1.67,0.13,-0.52,-0.08,0.63,-0.16,-0.29,
-2.00,8.96,1.67,0.11,-0.54,-0.09,0.63,-0.16,-0.29,
-1.54,9.15,1.29,0.11,-0.54,-0.09,0.63,-0.16,-0.29,
-1.54,9.15,1.29,0.12,-0.55,-0.09,0.63,-0.16,-0.29,
-1.54,9.15,1.29,0.14,-0.55,-0.07,0.63,-0.16,-0.29,
-1.54,9.15,1.29,0.13,-0.56,-0.07,0.63,-0.16,-0.29,
-1.54,9.15,1.29,0.15,-0.57,-0.08,0.63,-0.16,-0.29,
-1.54,9.15,1.29,0.13,-0.58,-0.09,0.63,-0.16,-0.29,
-2.04,9.15,1.63,0.13,-0.58,-0.09,0.63,-0.16,-0.29,
-2.04,9.15,1.63,0.14,-0.59,-0.09,0.63,-0.16,-0.29,
-1.77,9.57,1.36,0.14,-0.59,-0.09,0.63,-0.16,-0.29,
-1.77,9.57,1.36,0.14,-0.59,-0.08,0.63,-0.16,-0.29,
-2.00,9.34,1.71,0.14,-0.59,-0.08,0.63,-0.16,-0.29,
-2.00,9.34,1.71,0.15,-0.60,-0.08,0.63,-0.16,-0.29,
-2.16,9.38,1.79,0.15,-0.60,-0.08,0.63,-0.16,-0.29,
-1.89,9.30,1.94,0.15,-0.60,-0.08,0.63,-0.16,-0.29,
-1.89,9.30,1.94,0.15,-0.60,-0.08,0.60,-0.23,-0.36,
-1.89,9.30,1.94,0.14,-0.62,-0.07,0.60,-0.23,-0.36,
-2.00,9.46,2.21,0.14,-0.62,-0.07,0.60,-0.23,-0.36,
-2.00,9.46,2.21,0.16,-0.65,-0.07,0.60,-0.23,-0.36,
-2.27,9.30,1.94,0.16,-0.65,-0.07,0.60,-0.23,-0.36,
-2.27,9.30,1.94,0.14,-0.67,-0.08,0.60,-0.23,-0.36,
-2.27,9.49,1.82,0.14,-0.67,-0.08,0.60,-0.23,-0.36,
-2.23,9.07,1.75,0.14,-0.67,-0.08,0.60,-0.23,-0.36,
-2.23,9.07,1.75,0.15,-0.69,-0.07,0.60,-0.23,-0.36,
-2.23,9.07,1.75,0.15,-0.70,-0.08,0.60,-0.23,-0.36,
-2.23,9.07,1.75,0.15,-0.71,-0.08,0.60,-0.23,-0.36,
-2.12,9.30,1.36,0.15,-0.71,-0.08,0.60,-0.23,-0.36,
-2.12,9.30,1.36,0.17,-0.72,-0.07,0.60,-0.23,-0.36,
-2.12,9.30,1.36,0.17,-0.72,-0.07,0.59,-0.27,-0.41,
-2.12,9.30,1.36,0.15,-0.72,-0.08,0.59,-0.27,-0.41,
-2.27,8.61,1.29,0.15,-0.72,-0.08,0.59,-0.27,-0.41,
-2.27,8.61,1.29,0.17,-0.73,-0.08,0.59,-0.27,-0.41,
-1.89,8.50,1.86,0.17,-0.73,-0.08,0.59,-0.27,-0.41,
-1.89,8.50,1.86,0.15,-0.74,-0.09,0.59,-0.27,-0.41,
-1.89,8.50,1.86,0.15,-0.74,-0.09,0.58,-0.30,-0.43,
-2.73,8.04,2.17,0.15,-0.74,-0.09,0.58,-0.30,-0.43,
-2.73,8.04,2.17,0.19,-0.78,-0.10,0.58,-0.30,-0.43,
-2.73,8.04,2.17,0.17,-0.80,-0.11,0.58,-0.30,-0.43,
-2.50,8.77,1.48,0.17,-0.80,-0.11,0.58,-0.30,-0.43,
-2.39,9.19,0.98,0.17,-0.80,-0.11,0.58,-0.30,-0.43,
-2.39,9.19,0.98,0.16,-0.81,-0.10,0.58,-0.30,-0.43,
-2.31,9.65,0.14,0.16,-0.81,-0.10,0.58,-0.30,-0.43,
-2.31,9.65,0.14,0.18,-0.81,-0.10,0.58,-0.30,-0.43,
-2.31,9.65,0.14,0.18,-0.81,-0.10,0.56,-0.33,-0.46,
-2.39,10.34,-1.66,0.18,-0.81,-0.10,0.56,-0.33,-0.46,
-2.39,10.34,-1.66,0.21,-0.77,-0.07,0.56,-0.33,-0.46,
-2.50,10.34,-2.54,0.21,-0.77,-0.07,0.56,-0.33,-0.46,
-2.50,10.34,-2.54,0.17,-0.73,-0.07,0.56,-0.33,-0.46,
-2.50,10.34,-2.54,0.17,-0.71,-0.06,0.56,-0.33,-0.46,
-2.12,10.45,-2.93,0.17,-0.71,-0.06,0.56,-0.33,-0.46,
-2.12,10.45,-2.93,0.13,-0.65,-0.04,0.56,-0.33,-0.46,
-2.12,10.45,-2.93,0.13,-0.62,-0.03,0.56,-0.33,-0.46,
-2.12,10.45,-2.93,0.12,-0.61,-0.03,0.56,-0.33,-0.46,
-1.70,9.23,-2.01,0.12,-0.61,-0.03,0.56,-0.33,-0.46,
-1.70,9.23,-2.01,0.10,-0.57,-0.04,0.56,-0.33,-0.46,
-1.70,9.23,-2.01,0.10,-0.57,-0.04,0.54,-0.36,-0.49,
-1.70,9.23,-2.01,0.07,-0.55,-0.03,0.54,-0.36,-0.49,
-1.70,9.23,-2.01,0.06,-0.54,-0.03,0.54,-0.36,-0.49,
-1.58,9.00,-1.39,0.06,-0.54,-0.03,0.54,-0.36,-0.49,
-1.58,9.00,-1.39,0.01,-0.52,-0.04,0.54,-0.36,-0.49,
-1.62,9.65,-1.16,0.01,-0.52,-0.04,0.54,-0.36,-0.49,
-1.62,9.65,-1.16,0.01,-0.50,-0.05,0.54,-0.36,-0.49,
-1.77,9.88,-0.21,0.01,-0.50,-0.05,0.54,-0.36,-0.49,
-1.77,9.88,-0.21,-0.02,-0.48,-0.03,0.54,-0.36,-0.49,
-2.00,8.96,0.98,-0.02,-0.48,-0.03,0.54,-0.36,-0.49,
-2.23,8.69,1.17,-0.02,-0.48,-0.03,0.54,-0.36,-0.49,
-2.23,8.69,1.17,-0.02,-0.48,-0.03,0.52,-0.39,-0.52,
-2.23,8.69,1.17,0.04,-0.50,-0.08,0.52,-0.39,-0.52,
-1.39,8.30,1.67,0.04,-0.50,-0.08,0.52,-0.39,-0.52,
-1.39,8.30,1.67,0.12,-0.52,-0.06,0.52,-0.39,-0.52,
-1.35,7.89,2.63,0.12,-0.52,-0.06,0.52,-0.39,-0.52,
-1.35,7.89,2.63,0.07,-0.54,-0.08,0.52,-0.39,-0.52,
-1.35,7.89,2.63,0.07,-0.54,-0.08,0.51,-0.40,-0.53,
-1.66,8.23,2.21,0.07,-0.54,-0.08,0.51,-0.40,-0.53,
-1.66,8.23,2.21,0.18,-0.57,-0.09,0.51,-0.40,-0.53,
-1.66,8.23,2.21,0.17,-0.58,-0.09,0.51,-0.40,-0.53,
-1.66,8.23,2.21,0.20,-0.59,-0.09,0.51,-0.40,-0.53,
-2.23,8.77,1.21,0.20,-0.59,-0.09,0.51,-0.40,-0.53,
-2.23,8.77,1.21,0.34,-0.61,-0.10,0.51,-0.40,-0.53,
-1.85,9.91,0.18,0.34,-0.61,-0.10,0.51,-0.40,-0.53,
-1.85,9.88,-0.17,0.34,-0.61,-0.10,0.51,-0.40,-0.53,
-1.85,9.88,-0.17,0.18,-0.61,-0.10,0.51,-0.40,-0.53,
-1.77,10.49,-1.32,0.18,-0.61,-0.10,0.51,-0.40,-0.53,
-1.77,10.49,-1.32,0.09,-0.60,-0.08,0.51,-0.40,-0.53,
-2.46,10.26,-0.82,0.09,-0.60,-0.08,0.51,-0.40,-0.53,
-2.46,10.26,-0.82,0.09,-0.57,-0.08,0.51,-0.40,-0.53,
-2.00,10.22,-0.05,0.09,-0.57,-0.08,0.51,-0.40,-0.53,
-2.00,10.22,-0.05,0.12,-0.56,-0.06,0.51,-0.40,-0.53,
-2.00,10.22,-0.05,0.09,-0.56,-0.06,0.51,-0.40,-0.53,
-1.77,9.46,0.60,0.09,-0.56,-0.06,0.51,-0.40,-0.53,
-1.77,9.46,0.60,0.12,-0.56,-0.05,0.51,-0.40,-0.53,
-1.77,9.46,0.60,0.15,-0.57,-0.05,0.51,-0.40,-0.53,
-1.77,9.46,0.60,0.14,-0.57,-0.05,0.51,-0.40,-0.53,
-1.66,8.96,-0.09,0.14,-0.57,-0.05,0.51,-0.40,-0.53,
-1.66,8.96,-0.09,0.14,-0.56,-0.05,0.51,-0.40,-0.53,
-1.66,8.96,-0.09,0.14,-0.56,-0.05,0.48,-0.46,-0.58,
-1.66,8.96,-0.09,0.12,-0.56,-0.04,0.48,-0.46,-0.58,
-1.96,8.88,0.75,0.12,-0.56,-0.04,0.48,-0.46,-0.58,
-1.96,8.88,0.75,0.12,-0.57,-0.05,0.48,-0.46,-0.58,
-2.04,8.88,1.17,0.12,-0.57,-0.05,0.48,-0.46,-0.58,
-2.16,8.88,1.06,0.12,-0.57,-0.05,0.48,-0.46,-0.58,
-2.16,8.88,1.06,0.12,-0.57,-0.05,0.46,-0.47,-0.59,
-2.16,8.88,1.06,0.15,-0.60,-0.07,0.46,-0.47,-0.59,
-1.73,9.00,0.52,0.15,-0.60,-0.07,0.46,-0.47,-0.59,
-1.73,9.00,0.52,0.14,-0.60,-0.07,0.46,-0.47,-0.59,
-2.12,8.30,0.56,0.14,-0.60,-0.07,0.46,-0.47,-0.59,
-2.12,8.30,0.56,0.15,-0.60,-0.08,0.46,-0.47,-0.59,
-2.04,8.23,0.14,0.15,-0.60,-0.08,0.46,-0.47,-0.59,
-1.85,8.80,-0.40,0.15,-0.60,-0.08,0.46,-0.47,-0.59,
-1.85,8.80,-0.40,0.15,-0.60,-0.08,0.45,-0.49,-0.60,
-1.54,9.80,-0.74,0.15,-0.60,-0.08,0.45,-0.49,-0.60,
-1.81,10.14,-0.44,0.15,-0.60,-0.08,0.45,-0.49,-0.60,
-1.81,10.14,-0.44,0.11,-0.59,-0.07,0.45,-0.49,-0.60,
-2.08,10.26,-1.16,0.11,-0.59,-0.07,0.45,-0.49,-0.60,
-2.08,10.26,-1.16,0.14,-0.57,-0.06,0.45,-0.49,-0.60,
-2.00,11.52,-2.04,0.14,-0.57,-0.06,0.45,-0.49,-0.60,
-2.00,11.52,-2.04,0.13,-0.55,-0.04,0.45,-0.49,-0.60,
-1.96,11.26,-3.96,0.13,-0.55,-0.04,0.45,-0.49,-0.60,
-1.62,11.33,-4.54,0.13,-0.55,-0.04,0.45,-0.49,-0.60,
-1.62,11.33,-4.54,0.13,-0.55,-0.04,0.43,-0.51,-0.62,
-1.62,11.33,-4.54,0.08,-0.42,0.01,0.43,-0.51,-0.62,
-1.50,9.38,-3.81,0.08,-0.42,0.01,0.43,-0.51,-0.62,
-1.50,9.38,-3.81,0.11,-0.36,0.00,0.43,-0.51,-0.62,
-0.74,9.80,-3.96,0.11,-0.36,0.00,0.43,-0.51,-0.62,
-0.74,9.80,-3.96,0.08,-0.30,0.02,0.43,-0.51,-0.62,
-0.66,9.84,-4.07,0.08,-0.30,0.02,0.43,-0.51,-0.62,
-0.86,9.99,-4.07,0.08,-0.30,0.02,0.43,-0.51,-0.62,
-0.86,9.99,-4.07,-0.03,-0.22,0.04,0.43,-0.51,-0.62,
-0.86,9.99,-4.07,-0.19,-0.18,0.05,0.43,-0.51,-0.62,
-0.82,10.53,-3.43,-0.19,-0.18,0.05,0.43,-0.51,-0.62,
-0.82,10.53,-3.43,-0.26,-0.14,0.07,0.43,-0.51,-0.62,
-0.82,10.53,-3.43,-0.30,-0.11,0.07,0.43,-0.51,-0.62,
-0.82,10.53,-3.43,-0.30,-0.09,0.06,0.43,-0.51,-0.62,
-0.82,10.53,-3.43,-0.26,-0.06,0.07,0.43,-0.51,-0.62,
-0.82,10.53,-3.43,-0.20,-0.05,0.08,0.43,-0.51,-0.62,
-1.24,9.46,-1.39,-0.20,-0.05,0.08,0.43,-0.51,-0.62,
-1.24,9.46,-1.39,-0.38,-0.02,0.06,0.43,-0.51,-0.62,
-1.31,9.72,-1.70,-0.38,-0.02,0.06,0.43,-0.51,-0.62,
-1.31,9.72,-1.70,-0.51,0.02,0.08,0.43,-0.51,-0.62,
-0.86,9.72,-0.55,-0.51,0.02,0.08,0.43,-0.51,-0.62,
-0.86,9.72,-0.55,-0.80,0.04,0.07,0.43,-0.51,-0.62,
-0.86,9.72,-0.55,-0.86,0.05,0.08,0.43,-0.51,-0.62,
-0.78,9.53,0.06,-0.86,0.05,0.08,0.43,-0.51,-0.62,
-0.78,9.53,0.06,-0.96,0.06,0.08,0.43,-0.51,-0.62,
-0.78,9.53,0.06,-1.12,0.08,0.08,0.43,-0.51,-0.62,
-0.78,9.53,0.06,-1.23,0.08,0.09,0.43,-0.51,-0.62,
-1.24,9.00,0.91,-1.23,0.08,0.09,0.43,-0.51,-0.62,
-1.24,9.00,0.91,-1.27,0.08,0.08,0.43,-0.51,-0.62,
-1.24,9.00,0.91,-1.27,0.08,0.08,0.38,-0.47,-0.67,
-1.31,8.46,1.55,-1.27,0.08,0.08,0.38,-0.47,-0.67,
-1.31,8.46,1.55,-0.63,0.06,0.08,0.38,-0.47,-0.67,
-1.01,8.73,1.82,-0.63,0.06,0.08,0.38,-0.47,-0.67,
-1.01,8.73,1.82,-0.61,0.07,0.07,0.38,-0.47,-0.67,
-0.89,8.92,2.02,-0.61,0.07,0.07,0.38,-0.47,-0.67,
-0.89,8.92,2.02,-1.32,0.10,0.06,0.38,-0.47,-0.67,
-0.74,8.34,2.78,-1.32,0.10,0.06,0.38,-0.47,-0.67,
-0.82,7.54,3.09,-1.32,0.10,0.06,0.38,-0.47,-0.67,
-0.82,7.54,3.09,-1.32,0.10,0.06,0.35,-0.42,-0.69,
-0.82,7.54,3.09,-0.83,0.07,0.05,0.35,-0.42,-0.69,
-1.01,7.85,3.32,-0.83,0.07,0.05,0.35,-0.42,-0.69,
-1.01,7.85,3.32,-0.59,0.05,0.04,0.35,-0.42,-0.69,
-0.93,8.57,3.01,-0.59,0.05,0.04,0.35,-0.42,-0.69,
-0.93,8.57,3.01,-1.15,0.08,0.03,0.35,-0.42,-0.69,
-0.93,8.57,3.01,-1.09,0.06,0.02,0.35,-0.42,-0.69,
-1.09,7.89,4.24,-1.09,0.06,0.02,0.35,-0.42,-0.69,
-1.09,7.89,4.24,-0.65,0.05,0.03,0.35,-0.42,-0.69,
-1.16,7.58,4.85,-0.65,0.05,0.03,0.35,-0.42,-0.69,
-1.16,7.58,4.85,-0.21,0.03,0.02,0.35,-0.42,-0.69,
-1.16,7.58,4.85,-0.18,0.02,0.02,0.35,-0.42,-0.69,
-1.01,8.38,4.20,-0.18,0.02,0.02,0.35,-0.42,-0.69,
-0.82,8.38,4.31,-0.18,0.02,0.02,0.35,-0.42,-0.69,
-0.82,8.38,4.31,-0.64,0.03,0.02,0.35,-0.42,-0.69,
-0.70,7.96,4.81,-0.64,0.03,0.02,0.35,-0.42,-0.69,
-0.70,7.96,4.81,-0.72,0.02,0.02,0.35,-0.42,-0.69,
-0.78,8.19,4.85,-0.72,0.02,0.02,0.35,-0.42,-0.69,
-0.78,8.19,4.85,-0.77,0.01,0.02,0.35,-0.42,-0.69,
-0.97,8.77,4.43,-0.77,0.01,0.02,0.35,-0.42,-0.69,
-1.01,9.00,4.43,-0.77,0.01,0.02,0.35,-0.42,-0.69,
-1.01,9.00,4.43,-0.77,0.01,0.02,0.30,-0.34,-0.73,
-1.01,9.00,4.43,-2.42,0.07,0.01,0.30,-0.34,-0.73,
-1.01,9.00,4.43,-2.70,0.09,0.01,0.30,-0.34,-0.73,
-1.09,7.66,6.08,-2.70,0.09,0.01,0.30,-0.34,-0.73,
-1.09,7.66,6.08,-2.54,0.07,0.02,0.30,-0.34,-0.73,
-1.35,7.04,5.85,-2.54,0.07,0.02,0.30,-0.34,-0.73,
-1.35,7.04,5.85,-2.50,0.08,0.01,0.30,-0.34,-0.73,
-0.78,8.19,5.23,-2.50,0.08,0.01,0.30,-0.34,-0.73,
-0.78,8.19,5.23,-3.81,0.13,0.03,0.30,-0.34,-0.73,
-0.86,7.00,5.66,-3.81,0.13,0.03,0.30,-0.34,-0.73,
-0.89,5.86,6.46,-3.81,0.13,0.03,0.30,-0.34,-0.73,
-0.89,5.86,6.46,-3.81,0.13,0.03,0.18,-0.16,-0.78,
-1.05,3.98,6.80,-3.81,0.13,0.03,0.18,-0.16,-0.78,
-0.78,4.02,6.42,-3.81,0.13,0.03,0.18,-0.16,-0.78,
-0.86,4.52,6.73,-3.81,0.13,0.03,0.18,-0.16,-0.78,
-0.86,4.52,6.73,-3.05,0.12,0.12,0.18,-0.16,-0.78,
-0.36,5.32,6.27,-3.05,0.12,0.12,0.18,-0.16,-0.78,
-0.36,5.32,6.27,-3.41,0.16,0.18,0.18,-0.16,-0.78,
-0.97,2.29,7.38,-3.41,0.16,0.18,0.18,-0.16,-0.78,
-0.97,2.29,7.38,-3.32,0.15,0.20,0.18,-0.16,-0.78,
-0.97,2.29,7.38,-3.32,0.15,0.20,0.06,0.01,-0.79,
0.68,0.03,8.18,-3.32,0.15,0.20,0.06,0.01,-0.79,
0.68,0.03,8.18,0.32,0.03,0.30,0.06,0.01,-0.79,
-0.89,-0.73,9.10,0.32,0.03,0.30,0.06,0.01,-0.79,
-0.89,-0.73,9.10,0.07,0.05,0.26,0.06,0.01,-0.79,
-0.89,-0.73,9.10,0.07,0.05,0.26,0.06,0.03,-0.78,
-0.70,1.49,11.05,0.07,0.05,0.26,0.06,0.03,-0.78,
-0.70,1.49,11.05,-0.08,0.02,0.27,0.06,0.03,-0.78,
-0.70,1.49,11.05,-0.08,0.02,0.27,0.06,0.03,-0.78,
-0.70,1.49,11.05,-0.06,0.02,0.26,0.06,0.03,-0.78,
-2.23,1.14,9.83,-0.06,0.02,0.26,0.06,0.03,-0.78,
-2.23,1.14,9.83,-0.09,0.01,0.27,0.06,0.03,-0.78,
-2.23,1.14,9.83,-0.09,0.01,0.27,0.06,0.03,-0.77,
-2.23,1.14,9.83,-0.08,0.02,0.28,0.06,0.03,-0.77,
-1.05,1.76,8.99,-0.08,0.02,0.28,0.06,0.03,-0.77,
-1.05,1.76,8.99,-0.10,0.01,0.29,0.06,0.03,-0.77,
-1.20,2.02,8.61,-0.10,0.01,0.29,0.06,0.03,-0.77,
-1.20,2.02,8.61,-0.10,0.03,0.32,0.06,0.03,-0.77,
-0.93,2.10,8.64,-0.10,0.03,0.32,0.06,0.03,-0.77,
-1.28,2.06,8.68,-0.10,0.03,0.32,0.06,0.03,-0.77,
-1.28,2.06,8.68,-0.10,0.03,0.32,0.07,0.02,-0.75,
-1.28,2.06,8.68,-0.13,0.02,0.38,0.07,0.02,-0.75,
-1.28,1.60,9.10,-0.13,0.02,0.38,0.07,0.02,-0.75,
-1.28,1.60,9.10,-0.08,0.03,0.40,0.07,0.02,-0.75,
-1.28,1.60,9.10,-0.09,0.03,0.41,0.07,0.02,-0.75,
-1.93,1.57,9.29,-0.09,0.03,0.41,0.07,0.02,-0.75,
-1.93,1.57,9.29,-0.10,0.04,0.43,0.07,0.02,-0.75,
-1.93,1.57,9.29,-0.08,0.04,0.44,0.07,0.02,-0.75,
-1.70,0.91,9.37,-0.08,0.04,0.44,0.07,0.02,-0.75,
-1.70,0.91,9.37,-0.06,0.04,0.45,0.07,0.02,-0.75,
-1.54,1.11,9.33,-0.06,0.04,0.45,0.07,0.02,-0.75,
-1.54,1.11,9.33,-0.07,0.05,0.46,0.07,0.02,-0.75,
-1.54,1.11,9.33,-0.11,0.04,0.46,0.07,0.02,-0.75,
-1.54,1.11,9.33,-0.11,0.04,0.47,0.07,0.02,-0.75,
-1.70,0.07,8.76,-0.11,0.04,0.47,0.07,0.02,-0.75,
-1.70,0.07,8.76,-0.10,0.05,0.47,0.07,0.02,-0.75,
-1.70,0.07,8.76,-0.10,0.05,0.47,0.07,0.02,-0.71,
-1.70,0.07,8.76,-0.08,0.05,0.46,0.07,0.02,-0.71,
-1.62,0.11,9.56,-0.08,0.05,0.46,0.07,0.02,-0.71,
-1.62,0.11,9.56,-0.11,0.04,0.46,0.07,0.02,-0.71,
-1.62,0.11,9.56,-0.13,0.05,0.46,0.07,0.02,-0.71,
-1.62,0.11,9.56,-0.11,0.05,0.45,0.07,0.02,-0.71,
-1.62,0.11,9.56,-0.11,0.05,0.45,0.07,0.02,-0.70,
-1.62,0.11,9.56,-0.07,0.05,0.43,0.07,0.02,-0.70,
-1.62,0.11,9.56,-0.07,0.05,0.43,0.07,0.02,-0.70,
-1.73,-0.77,9.56,-0.07,0.05,0.43,0.07,0.02,-0.70,
-1.70,-0.77,9.41,-0.07,0.05,0.43,0.07,0.02,-0.70,
-1.70,-0.77,9.41,-0.07,0.05,0.43,0.07,0.03,-0.69,
-1.70,-0.77,9.41,-0.07,0.05,0.40,0.07,0.03,-0.69,
-1.50,-1.54,9.33,-0.07,0.05,0.40,0.07,0.03,-0.69,
-1.50,-1.54,9.33,-0.06,0.05,0.38,0.07,0.03,-0.69,
-1.50,-1.54,9.33,-0.05,0.04,0.37,0.07,0.03,-0.69,
-1.31,-0.81,9.75,-0.05,0.04,0.37,0.07,0.03,-0.69,
-1.31,-0.81,9.75,-0.06,0.03,0.35,0.07,0.03,-0.69,
-1.62,-0.39,10.02,-0.06,0.03,0.35,0.07,0.03,-0.69,
-1.62,-0.39,10.02,-0.08,0.02,0.35,0.07,0.03,-0.69,
-1.62,-0.39,10.02,-0.07,0.02,0.34,0.07,0.03,-0.69,
-1.62,-0.39,10.02,-0.06,0.02,0.34,0.07,0.03,-0.69,
-1.66,0.49,10.83,-0.06,0.02,0.34,0.07,0.03,-0.69,
-1.66,0.49,10.83,-0.05,-0.00,0.35,0.07,0.03,-0.69,
-1.66,0.49,10.83,-0.05,-0.00,0.35,0.08,0.03,-0.66,
-1.66,0.49,10.83,-0.08,-0.00,0.37,0.08,0.03,-0.66,
-1.81,0.76,9.79,-0.08,-0.00,0.37,0.08,0.03,-0.66,
-1.81,0.76,9.79,-0.10,-0.01,0.38,0.08,0.03,-0.66,
-1.58,0.30,8.99,-0.10,-0.01,0.38,0.08,0.03,-0.66,
-1.09,0.41,9.22,-0.10,-0.01,0.38,0.08,0.03,-0.66,
-1.09,0.41,9.22,-0.03,-0.01,0.38,0.08,0.03,-0.66,
-1.09,0.41,9.22,-0.07,-0.00,0.38,0.08,0.03,-0.66,
-1.09,0.41,9.22,-0.07,-0.00,0.39,0.08,0.03,-0.66,
-1.24,0.26,8.64,-0.07,-0.00,0.39,0.08,0.03,-0.66,
-1.24,0.26,8.64,-0.08,-0.01,0.39,0.08,0.03,-0.66,
-1.24,0.26,8.64,-0.08,-0.01,0.39,0.07,0.02,-0.64,
-1.24,0.26,8.64,-0.09,0.00,0.39,0.07,0.02,-0.64,
-1.81,0.45,9.29,-0.09,0.00,0.39,0.07,0.02,-0.64,
-1.81,0.45,9.29,-0.10,0.01,0.39,0.07,0.02,-0.64,
-1.81,0.41,9.37,-0.10,0.01,0.39,0.07,0.02,-0.64,
-1.81,0.41,9.37,-0.10,0.02,0.40,0.07,0.02,-0.64,
-1.85,0.07,9.10,-0.10,0.02,0.40,0.07,0.02,-0.64,
-1.62,0.11,9.14,-0.10,0.02,0.40,0.07,0.02,-0.64,
-1.62,0.11,9.14,-0.10,0.02,0.40,0.07,0.03,-0.62,
-1.62,0.11,9.14,-0.11,0.02,0.41,0.07,0.03,-0.62,
-1.47,0.22,8.84,-0.11,0.02,0.41,0.07,0.03,-0.62,
-1.47,0.22,8.84,-0.10,0.03,0.42,0.07,0.03,-0.62,
-1.35,0.18,8.99,-0.10,0.03,0.42,0.07,0.03,-0.62,
-1.35,0.18,8.99,-0.09,0.02,0.42,0.07,0.03,-0.62,
-1.35,0.18,8.99,-0.10,0.02,0.42,0.07,0.03,-0.62,
-1.77,-0.04,8.95,-0.10,0.02,0.42,0.07,0.03,-0.62,
-1.77,-0.04,8.95,-0.10,0.03,0.42,0.07,0.03,-0.62,
-1.77,-0.04,8.95,-0.09,0.04,0.42,0.07,0.03,-0.62,
-1.77,-0.04,8.95,-0.09,0.04,0.42,0.07,0.03,-0.62,
-1.85,-0.23,9.06,-0.09,0.04,0.42,0.07,0.03,-0.62,
-1.85,-0.23,9.06,-0.07,0.04,0.41,0.07,0.03,-0.62,
-1.85,-0.23,9.06,-0.07,0.04,0.41,0.07,0.03,-0.59,
-1.85,-0.23,9.06,-0.07,0.03,0.43,0.07,0.03,-0.59,
-1.70,0.07,9.18,-0.07,0.03,0.43,0.07,0.03,-0.59,
-1.70,0.07,9.18,-0.06,0.04,0.43,0.07,0.03,-0.59,
-1.70,0.07,9.18,-0.06,0.03,0.43,0.07,0.03,-0.59,
-1.70,0.07,9.18,-0.07,0.03,0.42,0.07,0.03,-0.59,
-1.70,0.07,9.18,-0.07,0.04,0.42,0.07,0.03,-0.59,
-1.70,0.07,9.18,-0.08,0.04,0.43,0.07,0.03,-0.59,
-1.81,-0.08,9.37,-0.08,0.04,0.43,0.07,0.03,-0.59,
-1.81,-0.08,9.37,-0.07,0.04,0.42,0.07,0.03,-0.59,
-1.85,0.07,9.52,-0.07,0.04,0.42,0.07,0.03,-0.59,
-1.85,0.07,9.52,-0.08,0.04,0.42,0.07,0.03,-0.59,
-1.85,0.30,9.60,-0.08,0.04,0.42,0.07,0.03,-0.59,
-1.85,0.30,9.60,-0.09,0.03,0.43,0.07,0.03,-0.59,
-1.89,0.22,9.48,-0.09,0.03,0.43,0.07,0.03,-0.59,
-1.93,0.07,9.68,-0.09,0.03,0.43,0.07,0.03,-0.59,
-1.93,0.07,9.68,-0.09,0.03,0.43,0.06,0.04,-0.54,
-1.93,0.07,9.68,-0.04,0.02,0.44,0.06,0.04,-0.54,
-1.73,0.15,9.68,-0.04,0.02,0.44,0.06,0.04,-0.54,
-1.73,0.15,9.68,-0.04,0.02,0.46,0.06,0.04,-0.54,
-1.58,0.03,9.48,-0.04,0.02,0.46,0.06,0.04,-0.54,
-1.50,-0.27,9.87,-0.04,0.02,0.46,0.06,0.04,-0.54,
-1.50,-0.27,9.87,-0.02,0.02,0.45,0.06,0.04,-0.54,
-1.73,0.76,9.48,-0.02,0.02,0.45,0.06,0.04,-0.54,
-1.73,0.76,9.48,-0.06,0.01,0.46,0.06,0.04,-0.54,
-1.77,1.34,9.79,-0.06,0.01,0.46,0.06,0.04,-0.54,
-1.81,1.49,9.95,-0.06,0.01,0.46,0.06,0.04,-0.54,
-1.93,1.72,9.52,-0.06,0.01,0.46,0.06,0.04,-0.54,
-1.93,1.72,9.52,-0.13,0.01,0.50,0.06,0.04,-0.54,
-2.08,0.84,9.60,-0.13,0.01,0.50,0.06,0.04,-0.54,
-2.08,0.84,9.60,-0.15,0.00,0.52,0.06,0.04,-0.54,
-2.16,0.03,9.52,-0.15,0.00,0.52,0.06,0.04,-0.54,
-2.16,0.03,9.52,-0.12,-0.00,0.53,0.06,0.04,-0.54,
-1.96,-0.54,9.37,-0.12,-0.00,0.53,0.06,0.04,-0.54,
-1.93,-0.23,9.41,-0.12,-0.00,0.53,0.06,0.04,-0.54,
-1.93,-0.23,9.41,-0.12,-0.00,0.53,0.06,0.04,-0.49,
-1.93,0.15,9.37,-0.12,-0.00,0.53,0.06,0.04,-0.49,
-1.89,0.38,9.45,-0.12,-0.00,0.53,0.06,0.04,-0.49,
-1.89,0.38,9.45,-0.07,-0.01,0.53,0.06,0.04,-0.49,
-1.81,0.53,9.48,-0.07,-0.01,0.53,0.06,0.04,-0.49,
-1.81,0.53,9.48,-0.08,-0.01,0.55,0.06,0.04,-0.49,
-1.85,0.53,9.56,-0.08,-0.01,0.55,0.06,0.04,-0.49,
-1.85,0.53,9.56,-0.09,-0.02,0.55,0.06,0.04,-0.49,
-1.85,0.53,9.56,-0.12,-0.01,0.56,0.06,0.04,-0.49,
-1.85,0.53,9.56,-0.14,-0.02,0.56,0.06,0.04,-0.49,
-1.85,0.53,9.56,-0.13,-0.02,0.56,0.06,0.04,-0.49,
-2.12,0.07,9.56,-0.13,-0.02,0.56,0.06,0.04,-0.49,
-2.16,-0.12,9.79,-0.13,-0.02,0.56,0.06,0.04,-0.49,
-2.16,-0.12,9.64,-0.13,-0.02,0.56,0.06,0.04,-0.49,
-2.16,-0.12,9.64,-0.07,-0.03,0.56,0.06,0.04,-0.49,
-2.23,-0.23,9.37,-0.07,-0.03,0.56,0.06,0.04,-0.49,
-2.23,-0.23,9.37,-0.04,-0.03,0.56,0.06,0.04,-0.49,
-2.23,0.03,9.45,-0.04,-0.03,0.56,0.06,0.04,-0.49,
-2.23,0.03,9.45,-0.03,-0.03,0.56,0.06,0.04,-0.49,
-2.23,0.03,9.45,0.00,-0.03,0.57,0.06,0.04,-0.49,
-2.23,0.03,9.45,-0.00,-0.03,0.57,0.06,0.04,-0.49,
-2.23,0.03,9.45,0.07,-0.03,0.57,0.06,0.04,-0.49,
-2.23,0.03,9.45,0.38,-0.04,0.57,0.06,0.04,-0.49,
-2.23,0.03,9.45,0.51,-0.03,0.57,0.06,0.04,-0.49,
-2.23,0.03,9.45,0.58,-0.04,0.56,0.06,0.04,-0.49,
-2.23,0.03,9.45,0.64,-0.03,0.56,0.06,0.04,-0.49,
-2.16,-0.31,9.41,0.64,-0.03,0.56,0.06,0.04,-0.49,
-2.16,-0.31,9.41,0.68,-0.02,0.55,0.06,0.04,-0.49,
-1.85,0.30,9.37,0.68,-0.02,0.55,0.06,0.04,-0.49,
-1.85,0.30,9.37,0.60,-0.01,0.55,0.06,0.04,-0.49,
-1.85,0.30,9.37,0.61,0.00,0.55,0.06,0.04,-0.49,
-1.81,0.15,9.14,0.61,0.00,0.55,0.06,0.04,-0.49,
-1.81,0.15,9.14,0.46,0.02,0.53,0.06,0.04,-0.49,
-1.77,0.61,9.37,0.46,0.02,0.53,0.06,0.04,-0.49,
-1.77,0.61,9.37,0.44,0.02,0.54,0.06,0.04,-0.49,
-1.77,0.61,9.37,0.62,0.02,0.54,0.06,0.04,-0.49,
-1.77,0.61,9.37,0.64,0.02,0.54,0.06,0.04,-0.49,
-1.70,0.80,9.45,0.64,0.02,0.54,0.06,0.04,-0.49,
-1.70,0.80,9.45,0.56,0.03,0.53,0.06,0.04,-0.49,
-1.70,0.80,9.45,0.56,0.03,0.53,0.12,0.01,-0.33,
-1.70,0.80,9.45,1.04,0.02,0.52,0.12,0.01,-0.33,
-1.89,1.57,9.68,1.04,0.02,0.52,0.12,0.01,-0.33,
-1.89,1.57,9.68,1.06,0.03,0.51,0.12,0.01,-0.33,
-1.85,2.29,9.68,1.06,0.03,0.51,0.12,0.01,-0.33,
-1.70,2.68,9.68,1.06,0.03,0.51,0.12,0.01,-0.33,
-1.77,2.79,9.56,1.06,0.03,0.51,0.12,0.01,-0.33,
-1.70,2.56,9.52,1.06,0.03,0.51,0.12,0.01,-0.33,
-1.70,2.56,9.52,1.15,0.05,0.52,0.12,0.01,-0.33,
-1.85,1.49,10.02,1.15,0.05,0.52,0.12,0.01,-0.33,
-1.66,1.76,9.60,1.15,0.05,0.52,0.12,0.01,-0.33,
-1.58,2.56,9.10,1.15,0.05,0.52,0.12,0.01,-0.33,
-1.58,2.56,9.10,2.29,0.06,0.50,0.12,0.01,-0.33,
-0.97,2.64,9.52,2.29,0.06,0.50,0.12,0.01,-0.33,
-1.24,2.91,9.18,2.29,0.06,0.50,0.12,0.01,-0.33,
-1.24,2.91,9.18,1.80,0.09,0.47,0.12,0.01,-0.33,
-1.09,2.87,8.57,1.80,0.09,0.47,0.12,0.01,-0.33,
-1.09,2.87,8.57,2.33,0.09,0.45,0.12,0.01,-0.33,
-1.24,4.02,8.07,2.33,0.09,0.45,0.12,0.01,-0.33,
-1.24,4.02,8.07,2.29,0.10,0.41,0.12,0.01,-0.33,
-1.43,5.09,7.04,2.29,0.10,0.41,0.12,0.01,-0.33,
-1.39,5.28,6.77,2.29,0.10,0.41,0.12,0.01,-0.33,
-1.39,5.28,6.77,1.79,0.15,0.39,0.12,0.01,-0.33,
-1.39,5.28,6.77,1.47,0.18,0.37,0.12,0.01,-0.33,
-1.39,5.28,6.77,1.43,0.19,0.36,0.12,0.01,-0.33,
-1.24,4.67,7.34,1.43,0.19,0.36,0.12,0.01,-0.33,
-1.24,4.67,7.34,2.43,0.16,0.34,0.12,0.01,-0.33,
-0.74,5.43,6.69,2.43,0.16,0.34,0.12,0.01,-0.33,
-0.70,6.01,6.23,2.43,0.16,0.34,0.12,0.01,-0.33,
-0.70,6.01,6.23,3.25,0.14,0.28,0.12,0.01,-0.33,
-0.82,7.39,4.93,3.25,0.14,0.28,0.12,0.01,-0.33,
-0.82,7.39,4.93,2.59,0.18,0.25,0.12,0.01,-0.33,
-0.63,6.62,4.77,2.59,0.18,0.25,0.12,0.01,-0.33,
-0.63,6.62,4.77,2.79,0.18,0.21,0.12,0.01,-0.33,
-0.63,6.62,4.77,2.67,0.18,0.19,0.12,0.01,-0.33,
-0.20,7.43,5.69,2.67,0.18,0.19,0.12,0.01,-0.33,
-0.20,7.43,5.69,2.24,0.20,0.17,0.12,0.01,-0.33,
